 Temperature field:
   0.00000000       0.00000000       0.00000000       0.00000000       0.00000000       0.00000000       0.00000000       0.00000000       0.00000000       1.00000000       0.00000000       0.00000000       0.00000000       0.00000000       0.00000000       0.00000000       0.00000000       0.00000000       0.00000000       0.00000000    
   0.00000000       0.00000000       0.00000000       0.00000000       0.00000000       0.00000000       0.00000000       0.00000000      0.400000006      0.199999988      0.400000006       0.00000000       0.00000000       0.00000000       0.00000000       0.00000000       0.00000000       0.00000000       0.00000000       0.00000000    
   0.00000000       0.00000000       0.00000000       0.00000000       0.00000000       0.00000000       0.00000000      0.160000011      0.159999996      0.360000014      0.159999996      0.160000011       0.00000000       0.00000000       0.00000000       0.00000000       0.00000000       0.00000000       0.00000000       0.00000000    
   0.00000000       0.00000000       0.00000000       0.00000000       0.00000000       0.00000000       6.40000030E-02   9.60000008E-02  0.240000010      0.199999988      0.240000010       9.60000008E-02   6.40000030E-02   0.00000000       0.00000000       0.00000000       0.00000000       0.00000000       0.00000000       0.00000000    
   0.00000000       0.00000000       0.00000000       0.00000000       0.00000000       2.56000012E-02   5.12000024E-02  0.140800014      0.166400000      0.232000008      0.166399986      0.140799999       5.12000024E-02   2.56000012E-02   0.00000000       0.00000000       0.00000000       0.00000000       0.00000000       0.00000000    
   0.00000000       0.00000000       0.00000000       0.00000000       1.02400007E-02   2.56000012E-02   7.68000036E-02  0.115200005      0.182400003      0.179519981      0.182400003      0.115199998       7.68000036E-02   2.56000012E-02   1.02400007E-02   0.00000000       0.00000000       0.00000000       0.00000000       0.00000000    
   0.00000000       0.00000000       0.00000000       4.09600046E-03   1.22880004E-02   3.99360023E-02   7.16800019E-02  0.126720011      0.154367998      0.181823999      0.154367998      0.126719996       7.16800019E-02   3.99360023E-02   1.22880004E-02   4.09600046E-03   0.00000000       0.00000000       0.00000000       0.00000000    
   0.00000000       0.00000000       1.63840025E-03   5.73440036E-03   2.00704020E-02   4.15743999E-02   8.09984058E-02  0.115763202      0.154291198      0.159859195      0.154291198      0.115763202       8.09983984E-02   4.15743999E-02   2.00704020E-02   5.73440036E-03   1.63840025E-03   0.00000000       0.00000000       0.00000000    
   0.00000000       6.55360112E-04   2.62144022E-03   9.83040128E-03   2.29375996E-02   4.87424023E-02   7.91347250E-02  0.117268480      0.141107202      0.155404791      0.141107202      0.117268480       7.91347176E-02   4.87423986E-02   2.29375996E-02   9.83040128E-03   2.62144022E-03   6.55360112E-04   0.00000000       0.00000000    
   0.00000000       1.17964810E-03   4.71859239E-03   1.21896965E-02   2.80166417E-02   5.05774133E-02   8.22312981E-02  0.111550465      0.137290746      0.143966720      0.137290746      0.111550465       8.22312981E-02   5.05774058E-02   2.80166399E-02   1.21896965E-02   4.71859239E-03   1.17964810E-03   2.62144051E-04   0.00000000    
   0.00000000       2.12336658E-03   6.29145652E-03   1.55320335E-02   3.07101719E-02   5.42146601E-02   8.12974125E-02  0.110118911      0.129665017      0.138625935      0.129665017      0.110118911       8.12974051E-02   5.42146564E-02   3.07101682E-02   1.55320326E-02   6.29145652E-03   2.22822418E-03   5.24288043E-04   0.00000000    
   0.00000000       2.94125592E-03   8.32045171E-03   1.79070588E-02   3.40407118E-02   5.56459650E-02   8.19929093E-02  0.106408753      0.125430942      0.131457195      0.125430942      0.106408753       8.19929093E-02   5.56459613E-02   3.40407081E-02   1.79070570E-02   8.36239383E-03   3.17194266E-03   9.96147282E-04   0.00000000    
   0.00000000       3.91643168E-03   1.00034168E-02   2.05258764E-02   3.62293534E-02   5.75426407E-02   8.12204704E-02  0.104251288      0.120232567      0.126636192      0.120232567      0.104251288       8.12204704E-02   5.75426407E-02   3.62293497E-02   2.05426514E-02   1.01040788E-02   4.37780516E-03   1.46800652E-03   0.00000000    
   0.00000000       4.78465296E-03   1.17776068E-02   2.25982834E-02   3.84732783E-02   5.84884547E-02   8.09616670E-02  0.101431467      0.116401508      0.121513292      0.116401508      0.101431474       8.09616670E-02   5.84884547E-02   3.84799875E-02   2.26419009E-02   1.19889984E-02   5.50439535E-03   2.04472337E-03   0.00000000    
   0.00000000       5.66797331E-03   1.33086955E-02   2.46200096E-02   4.01293486E-02   5.94716705E-02   8.01603049E-02   9.92315635E-02  0.112458199      0.117423862      0.112458207       9.92315635E-02   8.01603049E-02   5.94743527E-02   4.01481390E-02   2.47159749E-02   1.36563182E-02   6.71436777E-03   2.61070277E-03   0.00000000    
   0.00000000       6.45707268E-03   1.47769321E-02   2.62992196E-02   4.16625440E-02   6.00101948E-02   7.95133561E-02   9.68937129E-02  0.109153815      0.113451332      0.109153815       9.68937203E-02   7.95144290E-02   6.00182489E-02   4.17057574E-02   2.64649782E-02   1.53034003E-02   7.84968212E-03   3.20788776E-03   0.00000000    
   0.00000000       7.20218755E-03   1.60579029E-02   2.78356336E-02   4.28562760E-02   6.04723990E-02   7.86642358E-02   9.48456079E-02  0.105968781      0.110013321      0.105968781       9.48460400E-02   7.86676705E-02   6.04917258E-02   4.29344438E-02   2.80966591E-02   1.67865437E-02   8.97445157E-03   3.78145045E-03   0.00000000    
   0.00000000       7.86359888E-03   1.72267091E-02   2.91327983E-02   4.38944697E-02   6.07026853E-02   7.78600499E-02   9.28223282E-02  0.103137329      0.106777690      0.103137501       9.28237885E-02   7.78686404E-02   6.07391894E-02   4.40222435E-02   2.95077264E-02   1.81857534E-02   1.00220880E-02   4.34607081E-03   0.00000000    
   0.00000000       8.46340321E-03   1.82439014E-02   3.02750319E-02   4.47130874E-02   6.08423464E-02   7.69820139E-02   9.09634158E-02  0.100467473      0.103865467      0.100468092       9.09672156E-02   7.69989192E-02   6.09041899E-02   4.49032150E-02   3.07847448E-02   1.94490757E-02   1.10171475E-02   4.87804925E-03   0.00000000    
   0.00000000       8.99024121E-03   1.91441551E-02   3.12378015E-02   4.53895703E-02   6.08465113E-02   7.61187077E-02   8.91724750E-02   9.80250463E-02  0.101147316       9.80266929E-02   8.91802460E-02   7.61483461E-02   6.09416924E-02   4.56562154E-02   3.18978652E-02   2.06105728E-02   1.19342795E-02   5.38246892E-03   0.00000000    
   0.00000000       9.45571065E-03   1.99200474E-02   3.20610516E-02   4.59116399E-02   6.07726127E-02   7.52313361E-02   8.74919966E-02   9.57329273E-02   9.86501575E-02   9.57363620E-02   8.75060633E-02   7.52784461E-02   6.09101616E-02   4.62670662E-02   3.28862891E-02   2.16549728E-02   1.27840722E-02   5.85020566E-03   0.00000000    
