 Temperature field:
   0.00000000       0.00000000       0.00000000       0.00000000       0.00000000       0.00000000       0.00000000       0.00000000       0.00000000       1.00000000       0.00000000       0.00000000       0.00000000       0.00000000       0.00000000       0.00000000       0.00000000       0.00000000       0.00000000       0.00000000    
   0.00000000       0.00000000       0.00000000       0.00000000       0.00000000       0.00000000       0.00000000       0.00000000      0.400000006      0.199999988      0.400000006       0.00000000       0.00000000       0.00000000       0.00000000       0.00000000       0.00000000       0.00000000       0.00000000       0.00000000    
   0.00000000       0.00000000       0.00000000       0.00000000       0.00000000       0.00000000       0.00000000      0.160000011      0.159999996      0.360000014      0.159999996      0.160000011       0.00000000       0.00000000       0.00000000       0.00000000       0.00000000       0.00000000       0.00000000       0.00000000    
   0.00000000       0.00000000       0.00000000       0.00000000       0.00000000       0.00000000       6.40000030E-02   9.60000008E-02  0.240000010      0.199999988      0.240000010       9.60000008E-02   6.40000030E-02   0.00000000       0.00000000       0.00000000       0.00000000       0.00000000       0.00000000       0.00000000    
   0.00000000       0.00000000       0.00000000       0.00000000       0.00000000       2.56000012E-02   5.12000024E-02  0.140800014      0.166400000      0.232000008      0.166399986      0.140799999       5.12000024E-02   2.56000012E-02   0.00000000       0.00000000       0.00000000       0.00000000       0.00000000       0.00000000    
   0.00000000       0.00000000       0.00000000       0.00000000       1.02400007E-02   2.56000012E-02   7.68000036E-02  0.115200005      0.182400003      0.179519981      0.182400003      0.115199998       7.68000036E-02   2.56000012E-02   1.02400007E-02   0.00000000       0.00000000       0.00000000       0.00000000       0.00000000    
   0.00000000       0.00000000       0.00000000       4.09600046E-03   1.22880004E-02   3.99360023E-02   7.16800019E-02  0.126720011      0.154367998      0.181823999      0.154367998      0.126719996       7.16800019E-02   3.99360023E-02   1.22880004E-02   4.09600046E-03   0.00000000       0.00000000       0.00000000       0.00000000    
   0.00000000       0.00000000       1.63840025E-03   5.73440036E-03   2.00704020E-02   4.15743999E-02   8.09984058E-02  0.115763202      0.154291198      0.159859195      0.154291198      0.115763202       8.09983984E-02   4.15743999E-02   2.00704020E-02   5.73440036E-03   1.63840025E-03   0.00000000       0.00000000       0.00000000    
   0.00000000       6.55360112E-04   2.62144022E-03   9.83040128E-03   2.29375996E-02   4.87424023E-02   7.91347250E-02  0.117268480      0.141107202      0.155404791      0.141107202      0.117268480       7.91347176E-02   4.87423986E-02   2.29375996E-02   9.83040128E-03   2.62144022E-03   6.55360112E-04   0.00000000       0.00000000    
   0.00000000       1.17964810E-03   4.71859239E-03   1.21896965E-02   2.80166417E-02   5.05774133E-02   8.22312981E-02  0.111550465      0.137290746      0.143966720      0.137290746      0.111550465       8.22312981E-02   5.05774058E-02   2.80166399E-02   1.21896965E-02   4.71859239E-03   1.17964810E-03   2.62144051E-04   0.00000000    
   0.00000000       2.12336658E-03   6.29145652E-03   1.55320335E-02   3.07101719E-02   5.42146601E-02   8.12974125E-02  0.110118911      0.129665017      0.138625935      0.129665017      0.110118911       8.12974051E-02   5.42146564E-02   3.07101682E-02   1.55320326E-02   6.29145652E-03   2.22822418E-03   5.24288043E-04   0.00000000    
   0.00000000       2.94125592E-03   8.32045171E-03   1.79070588E-02   3.40407118E-02   5.56459650E-02   8.19929093E-02  0.106408753      0.125430942      0.131457195      0.125430942      0.106408753       8.19929093E-02   5.56459613E-02   3.40407081E-02   1.79070570E-02   8.36239383E-03   3.17194266E-03   9.96147282E-04   0.00000000    
   0.00000000       3.91643168E-03   1.00034168E-02   2.05258764E-02   3.62293534E-02   5.75426407E-02   8.12204704E-02  0.104251288      0.120232567      0.126636192      0.120232567      0.104251288       8.12204704E-02   5.75426407E-02   3.62293497E-02   2.05426514E-02   1.01040788E-02   4.37780516E-03   1.46800652E-03   0.00000000    
   0.00000000       4.78465296E-03   1.17776068E-02   2.25982834E-02   3.84732783E-02   5.84884547E-02   8.09616670E-02  0.101431467      0.116401508      0.121513292      0.116401508      0.101431474       8.09616670E-02   5.84884547E-02   3.84799875E-02   2.26419009E-02   1.19889984E-02   5.50439535E-03   2.04472337E-03   0.00000000    
   0.00000000       5.66797331E-03   1.33086955E-02   2.46200096E-02   4.01293486E-02   5.94716705E-02   8.01603049E-02   9.92315635E-02  0.112458199      0.117423862      0.112458207       9.92315635E-02   8.01603049E-02   5.94743527E-02   4.01481390E-02   2.47159749E-02   1.36563182E-02   6.71436777E-03   2.61070277E-03   0.00000000    
   0.00000000       6.45707268E-03   1.47769321E-02   2.62992196E-02   4.16625440E-02   6.00101948E-02   7.95133561E-02   9.68937129E-02  0.109153815      0.113451332      0.109153815       9.68937203E-02   7.95144290E-02   6.00182489E-02   4.17057574E-02   2.64649782E-02   1.53034003E-02   7.84968212E-03   3.20788776E-03   0.00000000    
   0.00000000       7.20218755E-03   1.60579029E-02   2.78356336E-02   4.28562760E-02   6.04723990E-02   7.86642358E-02   9.48456079E-02  0.105968781      0.110013321      0.105968781       9.48460400E-02   7.86676705E-02   6.04917258E-02   4.29344438E-02   2.80966591E-02   1.67865437E-02   8.97445157E-03   3.78145045E-03   0.00000000    
   0.00000000       7.86359888E-03   1.72267091E-02   2.91327983E-02   4.38944697E-02   6.07026853E-02   7.78600499E-02   9.28223282E-02  0.103137329      0.106777690      0.103137501       9.28237885E-02   7.78686404E-02   6.07391894E-02   4.40222435E-02   2.95077264E-02   1.81857534E-02   1.00220880E-02   4.34607081E-03   0.00000000    
   0.00000000       8.46340321E-03   1.82439014E-02   3.02750319E-02   4.47130874E-02   6.08423464E-02   7.69820139E-02   9.09634158E-02  0.100467473      0.103865467      0.100468092       9.09672156E-02   7.69989192E-02   6.09041899E-02   4.49032150E-02   3.07847448E-02   1.94490757E-02   1.10171475E-02   4.87804925E-03   0.00000000    
   0.00000000       8.99024121E-03   1.91441551E-02   3.12378015E-02   4.53895703E-02   6.08465113E-02   7.61187077E-02   8.91724750E-02   9.80250463E-02  0.101147316       9.80266929E-02   8.91802460E-02   7.61483461E-02   6.09416924E-02   4.56562154E-02   3.18978652E-02   2.06105728E-02   1.19342795E-02   5.38246892E-03   0.00000000    
   0.00000000       9.45571065E-03   1.99200474E-02   3.20610516E-02   4.59116399E-02   6.07726127E-02   7.52313361E-02   8.74919966E-02   9.57329273E-02   9.86501575E-02   9.57363620E-02   8.75060633E-02   7.52784461E-02   6.09101616E-02   4.62670662E-02   3.28862891E-02   2.16549728E-02   1.27840722E-02   5.85020566E-03   0.00000000    
   0.00000000       9.85916145E-03   2.05907151E-02   3.27448845E-02   4.63157929E-02   6.06117137E-02   7.43521079E-02   8.58841017E-02   9.36034471E-02   9.63177457E-02   9.36097577E-02   8.59071389E-02   7.44221807E-02   6.08002357E-02   4.67719920E-02   3.37460749E-02   2.25991383E-02   1.35588860E-02   6.28367020E-03   0.00000000    
   0.00000000       1.02081187E-02   2.11597607E-02   3.33115794E-02   4.66057993E-02   6.03895038E-02   7.34687448E-02   8.43590423E-02   9.16014314E-02   9.41488296E-02   9.16119069E-02   8.43942016E-02   7.35673830E-02   6.06377162E-02   4.71729226E-02   3.44976671E-02   2.34418120E-02   1.42649002E-02   6.68028835E-03   0.00000000    
   0.00000000       1.05055282E-02   2.16398314E-02   3.37685384E-02   4.68015932E-02   6.01077154E-02   7.25931674E-02   8.28998759E-02   8.97234380E-02   9.21151042E-02   8.97395909E-02   8.29505548E-02   7.27262422E-02   6.04236647E-02   4.74887379E-02   3.51454280E-02   2.41933893E-02   1.49018206E-02   7.04201777E-03   0.00000000    
   0.00000000       1.07570384E-02   2.20375918E-02   3.41302790E-02   4.69108187E-02   5.97794503E-02   7.17216730E-02   8.15066174E-02   8.79506767E-02   9.02082324E-02   8.79741833E-02   8.15764442E-02   7.18949363E-02   6.01707250E-02   4.77253832E-02   3.57019380E-02   2.48575769E-02   1.54745271E-02   7.36913178E-03   0.00000000    
   0.00000000       1.09664444E-02   2.23624445E-02   3.44054215E-02   4.69460562E-02   5.94088882E-02   7.08587617E-02   8.01702663E-02   8.62760767E-02   8.84115919E-02   8.63087103E-02   8.02629367E-02   7.10778534E-02   5.98822720E-02   4.78941426E-02   3.61735709E-02   2.54421011E-02   1.59855895E-02   7.66363740E-03   0.00000000    
   0.00000000       1.11382669E-02   2.26212349E-02   3.46044861E-02   4.69149351E-02   5.90037033E-02   7.00034127E-02   7.88879916E-02   8.46879557E-02   8.67162347E-02   8.47315565E-02   7.90072158E-02   7.02736527E-02   5.95652536E-02   4.80011664E-02   3.65692116E-02   2.59520840E-02   1.64394137E-02   7.92696327E-03   0.00000000    
   0.00000000       1.12761473E-02   2.28213482E-02   3.47353667E-02   4.68262620E-02   5.85680790E-02   6.91573620E-02   7.76541457E-02   8.31792802E-02   8.51110518E-02   8.32356885E-02   7.78035298E-02   6.94837198E-02   5.92229776E-02   4.80540209E-02   3.68951410E-02   2.63938662E-02   1.68395024E-02   8.16115830E-03   0.00000000    
   0.00000000       1.13837691E-02   2.29688752E-02   3.48061174E-02   4.66866307E-02   5.81070669E-02   6.83203638E-02   7.64654875E-02   8.17419365E-02   8.35881978E-02   8.18129703E-02   7.66484663E-02   6.87073469E-02   5.88596910E-02   4.80580516E-02   3.71581838E-02   2.67726313E-02   1.71899106E-02   8.36803298E-03   0.00000000    
   0.00000000       1.14643043E-02   2.30697300E-02   3.48234251E-02   4.65026014E-02   5.76242097E-02   6.74930960E-02   7.53180161E-02   8.03698599E-02   8.21396038E-02   8.04572627E-02   7.55378231E-02   6.79447353E-02   5.84780984E-02   4.80187610E-02   3.73639092E-02   2.70937644E-02   1.74942482E-02   8.54957104E-03   0.00000000    
   0.00000000       1.15207527E-02   2.31290385E-02   3.47936191E-02   4.62795757E-02   5.71231209E-02   6.66755065E-02   7.42087886E-02   7.90570229E-02   8.07587728E-02   7.91624263E-02   7.44683668E-02   6.71953186E-02   5.80810197E-02   4.79405560E-02   3.75177935E-02   2.73620151E-02   1.77561846E-02   8.70761368E-03   0.00000000    
   0.00000000       1.15557658E-02   2.31515560E-02   3.47221680E-02   4.60226126E-02   5.66066541E-02   6.58678636E-02   7.31347725E-02   7.77984262E-02   7.94395357E-02   7.79233426E-02   7.34367743E-02   6.64588213E-02   5.76705523E-02   4.78276350E-02   3.76245864E-02   2.75819935E-02   1.79790892E-02   8.84399656E-03   0.00000000    
   0.00000000       1.15717752E-02   2.31414847E-02   3.46141011E-02   4.57360521E-02   5.60775213E-02   6.50701448E-02   7.20934719E-02   7.65894055E-02   7.81766176E-02   7.67351910E-02   7.24402219E-02   6.57346919E-02   5.72486930E-02   4.76835817E-02   3.76887694E-02   2.77578682E-02   1.81662142E-02   8.96043517E-03   0.00000000    
   0.00000000       1.15709491E-02   2.31026486E-02   3.44738364E-02   4.54238579E-02   5.55379838E-02   6.42824247E-02   7.10825175E-02   7.54259154E-02   7.69651607E-02   7.55937770E-02   7.14759976E-02   6.50225058E-02   5.68170473E-02   4.75117005E-02   3.77143323E-02   2.78935675E-02   1.83205642E-02   9.05857235E-03   0.00000000    
   0.00000000       1.15552489E-02   2.30384432E-02   3.43053713E-02   4.50894982E-02   5.49901091E-02   6.35046884E-02   7.00998381E-02   7.43042529E-02   7.58009106E-02   7.44952187E-02   7.05417097E-02   6.43217191E-02   5.63770905E-02   4.73148935E-02   3.77049744E-02   2.79926714E-02   1.84449684E-02   9.13994014E-03   0.00000000    
   0.00000000       1.15264272E-02   2.29519363E-02   3.41122523E-02   4.47360910E-02   5.44356965E-02   6.27369210E-02   6.91435412E-02   7.32211471E-02   7.46799707E-02   7.34360889E-02   6.96351156E-02   6.36318624E-02   5.59300631E-02   4.70958054E-02   3.76640223E-02   2.80585121E-02   1.85420383E-02   9.20597557E-03   0.00000000    
   0.00000000       1.14860600E-02   2.28458587E-02   3.38976607E-02   4.43663970E-02   5.38763441E-02   6.19790815E-02   6.82119355E-02   7.21736327E-02   7.35988915E-02   7.24132508E-02   6.87542036E-02   6.29524440E-02   5.54770790E-02   4.68567945E-02   3.75945307E-02   2.80941259E-02   1.86142027E-02   9.25801042E-03   0.00000000    
   0.00000000       1.14355553E-02   2.27226596E-02   3.36644351E-02   4.39828821E-02   5.33134602E-02   6.12311289E-02   6.73034713E-02   7.11590573E-02   7.25545287E-02   7.14238882E-02   6.78971186E-02   6.22830018E-02   5.50191104E-02   4.66000028E-02   3.74992751E-02   2.81023178E-02   1.86636951E-02   9.29728337E-03   0.00000000    
   0.00000000       1.13761751E-02   2.25845296E-02   3.34151052E-02   4.35877331E-02   5.27482964E-02   6.04929999E-02   6.64167702E-02   7.01750144E-02   7.15440810E-02   7.04654381E-02   6.70621768E-02   6.16230927E-02   5.45570254E-02   4.63273562E-02   3.73807847E-02   2.80856509E-02   1.86925791E-02   9.32493433E-03   0.00000000    
   0.00000000       1.13090472E-02   2.24334188E-02   3.31519246E-02   4.31829058E-02   5.21819517E-02   5.97646236E-02   6.55505583E-02   6.92193434E-02   7.05650002E-02   6.95355907E-02   6.62478507E-02   6.09722994E-02   5.40915839E-02   4.60405946E-02   3.72413583E-02   2.80464757E-02   1.87027492E-02   9.34201851E-03   0.00000000    
   0.00000000       1.12351766E-02   2.22710725E-02   3.28769162E-02   4.27701324E-02   5.16154021E-02   5.90459295E-02   6.47036955E-02   6.82900921E-02   6.96149766E-02   6.86322600E-02   6.54527247E-02   6.03302345E-02   5.36234751E-02   4.57412973E-02   3.70831005E-02   2.79869381E-02   1.86959468E-02   9.34950355E-03   0.00000000    
   0.00000000       1.11554647E-02   2.20990516E-02   3.25918645E-02   4.23509553E-02   5.10495044E-02   5.83368242E-02   6.38751462E-02   6.73854873E-02   6.86919391E-02   6.77535310E-02   6.46755397E-02   5.96965253E-02   5.31533062E-02   4.54308912E-02   3.69079150E-02   2.79090069E-02   1.86737664E-02   9.34827980E-03   0.00000000    
   0.00000000       1.10707134E-02   2.19187420E-02   3.22983749E-02   4.19267379E-02   5.04850112E-02   5.76372221E-02   6.30639568E-02   6.65039346E-02   6.77939951E-02   6.68976977E-02   6.39151335E-02   5.90708442E-02   5.26816286E-02   4.51106653E-02   3.67175415E-02   2.78144740E-02   1.86376683E-02   9.33916215E-03   0.00000000    
   0.00000000       1.09816398E-02   2.17313841E-02   3.19978669E-02   4.14987020E-02   4.99225855E-02   5.69470339E-02   6.22692555E-02   6.56439662E-02   6.69194534E-02   6.60631880E-02   6.31704405E-02   5.84528744E-02   5.22089303E-02   4.47818004E-02   3.65135632E-02   2.77049784E-02   1.85889881E-02   9.32289939E-03   0.00000000    
   0.00000000       1.08888820E-02   2.15380806E-02   3.16916071E-02   4.10679206E-02   4.93628122E-02   5.62661439E-02   6.14902526E-02   6.48042783E-02   6.60667494E-02   6.52485937E-02   6.24405146E-02   5.78423217E-02   5.17356545E-02   4.44453582E-02   3.62974256E-02   2.75820158E-02   1.85289495E-02   9.30017512E-03   0.00000000    
   0.00000000       1.07930088E-02   2.13398114E-02   3.13807204E-02   4.06353511E-02   4.88061868E-02   5.55944517E-02   6.07262179E-02   6.39836565E-02   6.52344972E-02   6.44526258E-02   6.17244691E-02   5.72389327E-02   5.12622036E-02   4.41023037E-02   3.60704362E-02   2.74469536E-02   1.84586663E-02   9.27161518E-03   0.00000000    
   0.00000000       1.06945261E-02   2.11374536E-02   3.10662091E-02   4.02018316E-02   4.82531600E-02   5.49318530E-02   5.99764884E-02   6.31810203E-02   6.44214153E-02   6.36741146E-02   6.10215180E-02   5.66424541E-02   5.07889353E-02   4.37535159E-02   3.58337909E-02   2.73010321E-02   1.83791611E-02   9.23778955E-03   0.00000000    
   0.00000000       1.05938865E-02   2.09317841E-02   3.07489559E-02   3.97681147E-02   4.77041043E-02   5.42782284E-02   5.92404455E-02   6.23953640E-02   6.36263341E-02   6.29119948E-02   6.03309311E-02   5.60526736E-02   5.03161736E-02   4.33997922E-02   3.55885774E-02   2.71453876E-02   1.82913616E-02   9.19922255E-03   0.00000000    
   0.00000000       1.04914913E-02   2.07234938E-02   3.04297507E-02   3.93348485E-02   4.71593589E-02   5.36334664E-02   5.85175231E-02   6.16257861E-02   6.28482103E-02   6.21653050E-02   5.96520528E-02   5.54693751E-02   4.98442203E-02   4.30418588E-02   3.53357866E-02   2.69810539E-02   1.81961171E-02   9.15638916E-03   0.00000000    
   0.00000000       1.03876954E-02   2.05131955E-02   3.01092863E-02   3.89026143E-02   4.66191992E-02   5.29974476E-02   5.78072071E-02   6.08714521E-02   6.20860793E-02   6.14331663E-02   5.89842834E-02   5.48923835E-02   4.93733361E-02   4.26803753E-02   3.50763239E-02   2.68089715E-02   1.80942006E-02   9.10972431E-03   0.00000000    
   0.00000000       1.02828173E-02   2.03014314E-02   2.97881812E-02   3.84719186E-02   4.60838638E-02   5.23700528E-02   5.71090020E-02   6.01316057E-02   6.13390617E-02   6.07147776E-02   5.83270751E-02   5.43215238E-02   4.89037707E-02   4.23159376E-02   3.48110050E-02   2.66300049E-02   1.79863181E-02   9.05962475E-03   0.00000000    
   0.00000000       1.01771364E-02   2.00886857E-02   2.94669755E-02   3.80432010E-02   4.55535613E-02   5.17511554E-02   5.64224645E-02   5.94055466E-02   6.06063642E-02   6.00094087E-02   5.76799363E-02   5.37566431E-02   4.84357402E-02   4.19490971E-02   3.45405787E-02   2.64449306E-02   1.78731158E-02   9.00645182E-03   0.00000000    
   0.00000000       1.00709014E-02   1.98753811E-02   2.91461498E-02   3.76168564E-02   4.50284556E-02   5.11406399E-02   5.57471737E-02   5.86926416E-02   5.98872565E-02   5.93164004E-02   5.70424087E-02   5.31975999E-02   4.79694456E-02   4.15803455E-02   3.42657268E-02   2.62544639E-02   1.77551769E-02   8.95053707E-03   0.00000000    
   0.00000000       9.96433292E-03   1.96618959E-02   2.88261250E-02   3.71932127E-02   4.45086882E-02   5.05383797E-02   5.50827459E-02   5.79923019E-02   5.91810681E-02   5.86351454E-02   5.64140826E-02   5.26442602E-02   4.75050658E-02   4.12101373E-02   3.39870676E-02   2.60592550E-02   1.76330358E-02   8.89217854E-03   0.00000000    
   0.00000000       9.85762477E-03   1.94485616E-02   2.85072681E-02   3.67725678E-02   4.39943746E-02   4.99442481E-02   5.44288233E-02   5.73039874E-02   5.84871918E-02   5.79650886E-02   5.57945780E-02   5.20965122E-02   4.70427722E-02   4.08388823E-02   3.37051712E-02   2.58598924E-02   1.75071806E-02   8.83165002E-03   0.00000000    
   0.00000000       9.75094922E-03   1.92356687E-02   2.81899050E-02   3.63551714E-02   4.34856005E-02   4.93581295E-02   5.37850596E-02   5.66272028E-02   5.78050688E-02   5.73057272E-02   5.51835559E-02   5.15542440E-02   4.65827137E-02   4.04669531E-02   3.34205441E-02   2.56569199E-02   1.73780527E-02   8.76920205E-03   0.00000000    
   0.00000000       9.64445714E-03   1.90234762E-02   2.78743170E-02   3.59412357E-02   4.29824404E-02   4.87798899E-02   5.31511456E-02   5.59614934E-02   5.71341850E-02   5.66565953E-02   5.45806997E-02   5.10173552E-02   4.61250208E-02   4.00946923E-02   3.31336595E-02   2.54508220E-02   1.72460601E-02   8.70506186E-03   0.00000000    
   0.00000000       9.53828171E-03   1.88122038E-02   2.75607482E-02   3.55309509E-02   4.24849391E-02   4.82094139E-02   5.25267832E-02   5.53064309E-02   5.64740710E-02   5.60172722E-02   5.39857186E-02   5.04857600E-02   4.56698239E-02   3.97224091E-02   3.28449383E-02   2.52420530E-02   1.71115659E-02   8.63943622E-03   0.00000000    
   0.00000000       9.43253748E-03   1.86020527E-02   2.72494107E-02   3.51244658E-02   4.19931337E-02   4.76465710E-02   5.19116931E-02   5.46616279E-02   5.58242947E-02   5.53873703E-02   5.33983558E-02   4.99593690E-02   4.52172309E-02   3.93503867E-02   3.25547718E-02   2.50310116E-02   1.69749092E-02   8.57251324E-03   0.00000000    
   0.00000000       9.32732876E-03   1.83931906E-02   2.69404892E-02   3.47219110E-02   4.15070429E-02   4.70912457E-02   5.13056181E-02   5.40267192E-02   5.51844575E-02   5.47665358E-02   5.28183654E-02   4.94381078E-02   4.47673500E-02   3.89788784E-02   3.22635137E-02   2.48180740E-02   1.68363918E-02   8.50446615E-03   0.00000000    
   0.00000000       9.22274217E-03   1.81857664E-02   2.66341399E-02   3.43233943E-02   4.10266705E-02   4.65433151E-02   5.07083088E-02   5.34013733E-02   5.45541942E-02   5.41544370E-02   5.22455312E-02   4.89219092E-02   4.43202630E-02   3.86081226E-02   3.19714844E-02   2.46035773E-02   1.66962948E-02   8.43544956E-03   0.00000000    
   0.00000000       9.11885500E-03   1.79799069E-02   2.63304934E-02   3.39290053E-02   4.05520163E-02   4.60026562E-02   5.01195379E-02   5.27852774E-02   5.39331622E-02   5.35507761E-02   5.16796447E-02   4.84106988E-02   4.38760668E-02   3.82383242E-02   3.16789784E-02   2.43878271E-02   1.65548697E-02   8.36560782E-03   0.00000000    
   0.00000000       9.01573338E-03   1.77757200E-02   2.60296632E-02   3.35388035E-02   4.00830694E-02   4.54691537E-02   4.95390818E-02   5.21781370E-02   5.33210523E-02   5.29552773E-02   5.11205196E-02   4.79044244E-02   4.34348211E-02   3.78696844E-02   3.13862562E-02   2.41711047E-02   1.64123476E-02   8.29506945E-03   0.00000000    
   0.00000000       8.91343504E-03   1.75733026E-02   2.57317405E-02   3.31528522E-02   3.96197960E-02   4.49426919E-02   4.89667319E-02   5.15796803E-02   5.27175777E-02   5.23676835E-02   5.05679846E-02   4.74030226E-02   4.29966077E-02   3.75023670E-02   3.10935676E-02   2.39536632E-02   1.62689388E-02   8.22395273E-03   0.00000000    
   0.00000000       8.81200843E-03   1.73727311E-02   2.54368093E-02   3.27711850E-02   3.91621776E-02   4.44231480E-02   4.84022945E-02   5.09896614E-02   5.21224625E-02   5.17877601E-02   5.00218794E-02   4.69064415E-02   4.25614789E-02   3.71365435E-02   3.08011249E-02   2.37357356E-02   1.61248334E-02   8.15236568E-03   0.00000000    
   0.00000000       8.71149451E-03   1.71740726E-02   2.51449291E-02   3.23938318E-02   3.87101695E-02   4.39104177E-02   4.78455834E-02   5.04078344E-02   5.15354611E-02   5.12152873E-02   4.94820550E-02   4.64146324E-02   4.21294905E-02   3.67723517E-02   3.05091366E-02   2.35175304E-02   1.59802064E-02   8.08040611E-03   0.00000000    
   0.00000000       8.61192774E-03   1.69773847E-02   2.48561483E-02   3.20208035E-02   3.82637344E-02   4.34043854E-02   4.72964160E-02   4.98339832E-02   5.09563424E-02   5.06500639E-02   4.89483774E-02   4.59275432E-02   4.17006910E-02   3.64099219E-02   3.02177798E-02   2.32992433E-02   1.58352163E-02   8.00816342E-03   0.00000000    
   0.00000000       8.51333980E-03   1.67827085E-02   2.45705042E-02   3.16521153E-02   3.78228240E-02   4.29049358E-02   4.67546321E-02   4.92678992E-02   5.03848866E-02   5.00918999E-02   4.84207198E-02   4.54451367E-02   4.12751250E-02   3.60493734E-02   2.99272221E-02   2.30810475E-02   1.56900063E-02   7.93571956E-03   0.00000000    
   0.00000000       8.41575116E-03   1.65900793E-02   2.42880303E-02   3.12877521E-02   3.73873860E-02   4.24119681E-02   4.62200604E-02   4.87093888E-02   4.98208962E-02   4.95406240E-02   4.78989594E-02   4.49673645E-02   4.08528298E-02   3.56908143E-02   2.96376124E-02   2.28631012E-02   1.55447079E-02   7.86314625E-03   0.00000000    
   0.00000000       8.31918232E-03   1.63995288E-02   2.40087379E-02   3.09277158E-02   3.69573645E-02   4.19253707E-02   4.56925556E-02   4.81582619E-02   4.92641851E-02   4.89960685E-02   4.73829880E-02   4.44941893E-02   4.04338390E-02   3.53343412E-02   2.93490887E-02   2.26455480E-02   1.53994402E-02   7.79051241E-03   0.00000000    
   0.00000000       8.22364818E-03   1.62110738E-02   2.37326454E-02   3.05719841E-02   3.65327075E-02   4.14450429E-02   4.51719649E-02   4.76143472E-02   4.87145707E-02   4.84580845E-02   4.68727015E-02   4.40255702E-02   4.00181785E-02   3.49800400E-02   2.90617738E-02   2.24285219E-02   1.52543122E-02   7.71787856E-03   0.00000000    
   0.00000000       8.12915899E-03   1.60247330E-02   2.34597530E-02   3.02205365E-02   3.61133516E-02   4.09708768E-02   4.46581505E-02   4.70774844E-02   4.81718853E-02   4.79265265E-02   4.63680029E-02   4.35614660E-02   3.96058783E-02   3.46279889E-02   2.87757795E-02   2.22121384E-02   1.51094226E-02   7.64530059E-03   0.00000000    
   0.00000000       8.03572498E-03   1.58405118E-02   2.31900588E-02   2.98733488E-02   3.56992371E-02   4.05027755E-02   4.41509746E-02   4.65475097E-02   4.76359800E-02   4.74012606E-02   4.58687991E-02   4.31018472E-02   3.91969569E-02   3.42782624E-02   2.84912065E-02   2.19965093E-02   1.49648599E-02   7.57282926E-03   0.00000000    
   0.00000000       7.94334989E-03   1.56584159E-02   2.29235552E-02   2.95303874E-02   3.52902971E-02   4.00406383E-02   4.36503105E-02   4.60242853E-02   4.71067056E-02   4.68821637E-02   4.53750044E-02   4.26466726E-02   3.87914367E-02   3.39309163E-02   2.82081496E-02   2.17817277E-02   1.48207070E-02   7.50050973E-03   0.00000000    
   0.00000000       7.85203651E-03   1.54784452E-02   2.26602331E-02   2.91916188E-02   3.48864682E-02   3.95843722E-02   4.31560315E-02   4.55076620E-02   4.65839207E-02   4.63691168E-02   4.48865369E-02   4.21959125E-02   3.83893214E-02   3.35860178E-02   2.79266872E-02   2.15678886E-02   1.46770366E-02   7.42838485E-03   0.00000000    
   0.00000000       7.76178529E-03   1.53005971E-02   2.24000718E-02   2.88570039E-02   3.44876908E-02   3.91338728E-02   4.26680185E-02   4.49975133E-02   4.60674949E-02   4.58620079E-02   4.44033183E-02   4.17495258E-02   3.79906371E-02   3.32436077E-02   2.76468992E-02   2.13550664E-02   1.45339165E-02   7.35649141E-03   0.00000000    
   0.00000000       7.67259579E-03   1.51248621E-02   2.21430548E-02   2.85265073E-02   3.40938903E-02   3.86890583E-02   4.21861596E-02   4.44937088E-02   4.55573089E-02   4.53607254E-02   4.39252779E-02   4.13074866E-02   3.75953801E-02   3.29037346E-02   2.73688491E-02   2.11433396E-02   1.43914064E-02   7.28486478E-03   0.00000000    
   0.00000000       7.58446380E-03   1.49512319E-02   2.18891576E-02   2.82000788E-02   3.37050036E-02   3.82498316E-02   4.17103395E-02   4.39961292E-02   4.50532362E-02   4.48651798E-02   4.34523411E-02   4.08697613E-02   3.72035652E-02   3.25664394E-02   2.70926002E-02   2.09327694E-02   1.42495632E-02   7.21353572E-03   0.00000000    
   0.00000000       7.49738561E-03   1.47796953E-02   2.16383561E-02   2.78776810E-02   3.33209634E-02   3.78161035E-02   4.12404537E-02   4.35046554E-02   4.45551723E-02   4.43752669E-02   4.29844446E-02   4.04363163E-02   3.68151926E-02   3.22317556E-02   2.68182028E-02   2.07234193E-02   1.41084343E-02   7.14253262E-03   0.00000000    
   0.00000000       7.41135515E-03   1.46102356E-02   2.13906206E-02   2.75592636E-02   3.29417065E-02   3.73877883E-02   4.07763943E-02   4.30191830E-02   4.40630019E-02   4.38909009E-02   4.25215214E-02   4.00071181E-02   3.64302658E-02   3.18997093E-02   2.65457109E-02   2.05153394E-02   1.39680672E-02   7.07188016E-03   0.00000000    
   0.00000000       7.32636545E-03   1.44428378E-02   2.11459231E-02   2.72447839E-02   3.25671621E-02   3.69647965E-02   4.03180681E-02   4.25395966E-02   4.35766354E-02   4.34119888E-02   4.20635119E-02   3.95821370E-02   3.60487849E-02   3.15703340E-02   2.62751617E-02   2.03085784E-02   1.38285011E-02   7.00160302E-03   0.00000000    
   0.00000000       7.24240812E-03   1.42774833E-02   2.09042337E-02   2.69341916E-02   3.21972631E-02   3.65470499E-02   3.98653708E-02   4.20657992E-02   4.30959612E-02   4.29384559E-02   4.16103527E-02   3.91613469E-02   3.56707461E-02   3.12436447E-02   2.60065980E-02   2.01031808E-02   1.36897732E-02   6.93172123E-03   0.00000000    
   0.00000000       7.15947477E-03   1.41141536E-02   2.06655171E-02   2.66274381E-02   3.18319499E-02   3.61344628E-02   3.94182131E-02   4.15976942E-02   4.26208936E-02   4.24702168E-02   4.11619917E-02   3.87447104E-02   3.52961458E-02   3.09196673E-02   2.57400498E-02   1.98991839E-02   1.35519151E-02   6.86225342E-03   0.00000000    
   0.00000000       7.07755657E-03   1.39528280E-02   2.04297397E-02   2.63244733E-02   3.14711481E-02   3.57269570E-02   3.89765054E-02   4.11351807E-02   4.21513431E-02   4.20071967E-02   4.07183692E-02   3.83321978E-02   3.49249803E-02   3.05984113E-02   2.54755504E-02   1.96966231E-02   1.34149576E-02   6.79321680E-03   0.00000000    
   0.00000000       6.99664233E-03   1.37934843E-02   2.01968681E-02   2.60252487E-02   3.11148018E-02   3.53244543E-02   3.85401547E-02   4.06781770E-02   4.16872203E-02   4.15493250E-02   4.02794331E-02   3.79237793E-02   3.45572382E-02   3.02798953E-02   2.52131242E-02   1.94955282E-02   1.32789277E-02   6.72462629E-03   0.00000000    
   0.00000000       6.91672228E-03   1.36361010E-02   1.99668668E-02   2.57297177E-02   3.07628419E-02   3.49268727E-02   3.81090827E-02   4.02265862E-02   4.12284434E-02   4.10965271E-02   3.98451276E-02   3.75194252E-02   3.41929160E-02   2.99641248E-02   2.49527935E-02   1.92959271E-02   1.31438477E-02   6.65649632E-03   0.00000000    
   0.00000000       6.83778478E-03   1.34806558E-02   1.97397005E-02   2.54378263E-02   3.04152053E-02   3.45341451E-02   3.76832001E-02   3.97803262E-02   4.07749340E-02   4.06487323E-02   3.94154079E-02   3.71191017E-02   3.38320024E-02   2.96511091E-02   2.46945787E-02   1.90978423E-02   1.30097391E-02   6.58883853E-03   0.00000000    
   0.00000000       6.75981911E-03   1.33271255E-02   1.95153337E-02   2.51495279E-02   3.00718304E-02   3.41461934E-02   3.72624286E-02   3.93393189E-02   4.03266102E-02   4.02058847E-02   3.89902145E-02   3.67227830E-02   3.34744863E-02   2.93408539E-02   2.44384967E-02   1.89012960E-02   1.28766205E-02   6.52166316E-03   0.00000000    
   0.00000000       6.68281410E-03   1.31754857E-02   1.92937274E-02   2.48647705E-02   2.97326539E-02   3.37629430E-02   3.68466899E-02   3.89034785E-02   3.98834050E-02   3.97679061E-02   3.85695100E-02   3.63304354E-02   3.31203528E-02   2.90333647E-02   2.41845585E-02   1.87063068E-02   1.27445078E-02   6.45498093E-03   0.00000000    
   0.00000000       6.60675718E-03   1.30257132E-02   1.90748479E-02   2.45835073E-02   2.93976162E-02   3.33843268E-02   3.64359058E-02   3.84727344E-02   3.94452363E-02   3.93347479E-02   3.81532386E-02   3.59420329E-02   3.27695906E-02   2.87286378E-02   2.39327811E-02   1.85128879E-02   1.26134166E-02   6.38879929E-03   0.00000000    
   0.00000000       6.53163670E-03   1.28777847E-02   1.88586581E-02   2.43056864E-02   2.90666576E-02   3.30102742E-02   3.60300057E-02   3.80470045E-02   3.90120409E-02   3.89063396E-02   3.77413593E-02   3.55575383E-02   3.24221849E-02   2.84266770E-02   2.36831661E-02   1.83210559E-02   1.24833584E-02   6.32312661E-03   0.00000000    
   0.00000000       6.45744102E-03   1.27316751E-02   1.86451208E-02   2.40312628E-02   2.87397150E-02   3.26407216E-02   3.56289111E-02   3.76262181E-02   3.85837443E-02   3.84826288E-02   3.73338237E-02   3.51769254E-02   3.20781246E-02   2.81274766E-02   2.34357268E-02   1.81308202E-02   1.23543451E-02   6.25796849E-03   0.00000000    
   0.00000000       6.38415804E-03   1.25873592E-02   1.84341986E-02   2.37601865E-02   2.84167361E-02   3.22755948E-02   3.52325588E-02   3.72103043E-02   3.81602868E-02   3.80635522E-02   3.69305871E-02   3.48001644E-02   3.17373872E-02   2.78310366E-02   2.31904648E-02   1.79421920E-02   1.22263841E-02   6.19333191E-03   0.00000000    
   0.00000000       6.31177519E-03   1.24448147E-02   1.82258580E-02   2.34924108E-02   2.80976612E-02   3.19148377E-02   3.48408706E-02   3.67991999E-02   3.77416015E-02   3.76490615E-02   3.65316048E-02   3.44272219E-02   3.13999578E-02   2.75373477E-02   2.29473840E-02   1.77551787E-02   1.20994868E-02   6.12922013E-03   0.00000000    
   0.00000000       6.24028081E-03   1.23040155E-02   1.80200618E-02   2.32278891E-02   2.77824309E-02   3.15583795E-02   3.44537906E-02   3.63928303E-02   3.73276249E-02   3.72390933E-02   3.61368358E-02   3.40580679E-02   3.10658198E-02   2.72464063E-02   2.27064881E-02   1.75697841E-02   1.19736567E-02   6.06563874E-03   0.00000000    
   0.00000000       6.16966235E-03   1.21649401E-02   1.78167745E-02   2.29665749E-02   2.74709929E-02   3.12061645E-02   3.40712406E-02   3.59911323E-02   3.69182937E-02   3.68336029E-02   3.57462317E-02   3.36926766E-02   3.07349544E-02   2.69582048E-02   2.24677734E-02   1.73860155E-02   1.18489005E-02   6.00259053E-03   0.00000000    
   0.00000000       6.09990861E-03   1.20275626E-02   1.76159609E-02   2.27084216E-02   2.71632951E-02   3.08581255E-02   3.36931683E-02   3.55940387E-02   3.65135521E-02   3.64325307E-02   3.53597589E-02   3.33310105E-02   3.04073431E-02   2.66727321E-02   2.22312436E-02   1.72038730E-02   1.17252227E-02   5.94007829E-03   0.00000000    
   0.00000000       6.03100657E-03   1.18918596E-02   1.74175855E-02   2.24533863E-02   2.68592779E-02   3.05142105E-02   3.33194993E-02   3.52014974E-02   3.61133367E-02   3.60358320E-02   3.49773690E-02   3.29730436E-02   3.00829653E-02   2.63899807E-02   2.19968911E-02   1.70233604E-02   1.16026253E-02   5.87810483E-03   0.00000000    
   0.00000000       5.96294506E-03   1.17578087E-02   1.72216166E-02   2.22014226E-02   2.65588947E-02   3.01743522E-02   3.29501815E-02   3.48134339E-02   3.57175991E-02   3.56434472E-02   3.45990248E-02   3.26187424E-02   2.97618024E-02   2.61099394E-02   2.17647143E-02   1.68444794E-02   1.14811109E-02   5.81667107E-03   0.00000000    
   0.00000000       5.89571241E-03   1.16253868E-02   1.70280170E-02   2.19524894E-02   2.62620896E-02   2.98385005E-02   3.25851515E-02   3.44297998E-02   3.53262722E-02   3.52553390E-02   3.42246816E-02   3.22680809E-02   2.94438340E-02   2.58325953E-02   2.15347111E-02   1.66672263E-02   1.13606825E-02   5.75577840E-03   0.00000000    
   0.00000000       5.82929701E-03   1.14945685E-02   1.68367531E-02   2.17065401E-02   2.59688143E-02   2.95065958E-02   3.22243497E-02   3.40505280E-02   3.49393114E-02   3.48714478E-02   3.38543057E-02   3.19210216E-02   2.91290376E-02   2.55579371E-02   2.13068705E-02   1.64916031E-02   1.12413382E-02   5.69542870E-03   0.00000000    
   0.00000000       5.76368673E-03   1.13653336E-02   1.66477952E-02   2.14635357E-02   2.56790165E-02   2.91785859E-02   3.18677202E-02   3.36755700E-02   3.45566534E-02   3.44917364E-02   3.34878489E-02   3.15775424E-02   2.88173910E-02   2.52859499E-02   2.10811906E-02   1.63176041E-02   1.11230807E-02   5.63562103E-03   0.00000000    
   0.00000000       5.69887087E-03   1.12376595E-02   1.64611060E-02   2.12234315E-02   2.53926516E-02   2.88544111E-02   3.15152071E-02   3.33048627E-02   3.41782533E-02   3.41161489E-02   3.31252813E-02   3.12376041E-02   2.85088755E-02   2.50166226E-02   2.08576601E-02   1.61452293E-02   1.10059064E-02   5.57635631E-03   0.00000000    
   0.00000000       5.63483778E-03   1.11115230E-02   1.62766576E-02   2.09861901E-02   2.51096673E-02   2.85340250E-02   3.11667509E-02   3.29383574E-02   3.38040553E-02   3.37446444E-02   3.27665582E-02   3.09011843E-02   2.82034650E-02   2.47499384E-02   2.06362735E-02   1.59744732E-02   1.08898152E-02   5.51763363E-03   0.00000000    
   0.00000000       5.57157677E-03   1.09869028E-02   1.60944164E-02   2.07517687E-02   2.48300191E-02   2.82173716E-02   3.08223031E-02   3.25759947E-02   3.34340110E-02   3.33771743E-02   3.24116424E-02   3.05682458E-02   2.79011428E-02   2.44858824E-02   2.04170197E-02   1.58053301E-02   1.07748061E-02   5.45945298E-03   0.00000000    
   0.00000000       5.50907664E-03   1.08637773E-02   1.59143507E-02   2.05201283E-02   2.45536603E-02   2.79044043E-02   3.04818079E-02   3.22177261E-02   3.30680683E-02   3.30136977E-02   3.20604965E-02   3.02387625E-02   2.76018791E-02   2.42244415E-02   2.01998893E-02   1.56377964E-02   1.06608747E-02   5.40181296E-03   0.00000000    
   0.00000000       5.44732623E-03   1.07421260E-02   1.57364327E-02   2.02912297E-02   2.42805444E-02   2.75950674E-02   3.01452149E-02   3.18634957E-02   3.27061825E-02   3.26541662E-02   3.17130834E-02   2.99127027E-02   2.73056570E-02   2.39655953E-02   1.99848730E-02   1.54718645E-02   1.05480189E-02   5.34471264E-03   0.00000000    
   0.00000000       5.38631575E-03   1.06219286E-02   1.55606288E-02   2.00650375E-02   2.40106285E-02   2.72893179E-02   2.98124682E-02   3.15132588E-02   3.23483013E-02   3.22985388E-02   3.13693658E-02   2.95900367E-02   2.70124506E-02   2.37093307E-02   1.97719578E-02   1.53075298E-02   1.04362350E-02   5.28815016E-03   0.00000000    
   0.00000000       5.32603450E-03   1.05031636E-02   1.53869120E-02   1.98415108E-02   2.37438679E-02   2.69871019E-02   2.94835251E-02   3.11669596E-02   3.19943801E-02   3.19467746E-02   3.10293026E-02   2.92707346E-02   2.67222375E-02   2.34556291E-02   1.95611361E-02   1.51447831E-02   1.03255194E-02   5.23212412E-03   0.00000000    
   0.00000000       5.26647223E-03   1.03858113E-02   1.52152525E-02   1.96206141E-02   2.34802179E-02   2.66883783E-02   2.91583296E-02   3.08245551E-02   3.16443704E-02   3.15988287E-02   3.06928642E-02   2.89547630E-02   2.64349934E-02   2.32044756E-02   1.93523914E-02   1.49836186E-02   1.02158664E-02   5.17663267E-03   0.00000000    
   0.00000000       5.20761916E-03   1.02698524E-02   1.50456205E-02   1.94023103E-02   2.32196413E-02   2.63930950E-02   2.88368389E-02   3.04859895E-02   3.12982276E-02   3.12546603E-02   3.03600095E-02   2.86420956E-02   2.61506941E-02   2.29558498E-02   1.91457160E-02   1.48240272E-02   1.01072742E-02   5.12167299E-03   0.00000000    
   0.00000000       5.14946459E-03   1.01552662E-02   1.48779890E-02   1.91865675E-02   2.29620896E-02   2.61012111E-02   2.85190009E-02   3.01512238E-02   3.09559051E-02   3.09142265E-02   3.00307050E-02   2.83327010E-02   2.58693174E-02   2.27097347E-02   1.89410932E-02   1.46660013E-02   9.99973528E-03   5.06724417E-03   0.00000000    
   0.00000000       5.09199919E-03   1.00420350E-02   1.47123309E-02   1.89733449E-02   2.27075294E-02   2.58126780E-02   2.82047745E-02   2.98202075E-02   3.06173600E-02   3.05774901E-02   2.97049116E-02   2.80265491E-02   2.55908370E-02   2.24661119E-02   1.87385138E-02   1.45095317E-02   9.89324506E-03   5.01334295E-03   0.00000000    
   0.00000000       5.03521366E-03   9.93013848E-03   1.45486183E-02   1.87626127E-02   2.24559158E-02   2.55274568E-02   2.78941095E-02   2.94928961E-02   3.02825514E-02   3.02444063E-02   2.93825977E-02   2.77236085E-02   2.53152326E-02   2.22249627E-02   1.85379609E-02   1.43546099E-02   9.78779886E-03   4.95996652E-03   0.00000000    
   0.00000000       4.97909822E-03   9.81956068E-03   1.43868234E-02   1.85543355E-02   2.22072117E-02   2.52455007E-02   2.75869630E-02   2.91692428E-02   2.99514309E-02   2.99149416E-02   2.90637258E-02   2.74238531E-02   2.50424743E-02   2.19862703E-02   1.83394216E-02   1.42012257E-02   9.68339015E-03   4.90711303E-03   0.00000000    
   0.00000000       4.92364401E-03   9.71028116E-03   1.42269228E-02   1.83484815E-02   2.19613761E-02   2.49667708E-02   2.72832904E-02   2.88492069E-02   2.96239592E-02   2.95890514E-02   2.87482627E-02   2.71272510E-02   2.47725435E-02   2.17500124E-02   1.81428827E-02   1.40493698E-02   9.58001334E-03   4.85477876E-03   0.00000000    
   0.00000000       4.86884126E-03   9.60228313E-03   1.40688904E-02   1.81450155E-02   2.17183754E-02   2.46912204E-02   2.69830488E-02   2.85327416E-02   2.93000955E-02   2.92666983E-02   2.84361728E-02   2.68337727E-02   2.45054141E-02   2.15161722E-02   1.79483294E-02   1.38990320E-02   9.47766192E-03   4.80296090E-03   0.00000000    
   0.00000000       4.81468160E-03   9.49554890E-03   1.39126973E-02   1.79439094E-02   2.14781687E-02   2.44188141E-02   2.66861953E-02   2.82198060E-02   2.89797951E-02   2.89478470E-02   2.81274226E-02   2.65433900E-02   2.42410600E-02   2.12847311E-02   1.77557468E-02   1.37502030E-02   9.37632937E-03   4.75165714E-03   0.00000000    
   0.00000000       4.76115569E-03   9.39006172E-03   1.37583232E-02   1.77451279E-02   2.12407224E-02   2.41495091E-02   2.63926871E-02   2.79103573E-02   2.86630206E-02   2.86324564E-02   2.78219786E-02   2.62560714E-02   2.39794608E-02   2.10556686E-02   1.75651237E-02   1.36028714E-02   9.27601010E-03   4.70086327E-03   0.00000000    
   0.00000000       4.70825564E-03   9.28580388E-03   1.36057409E-02   1.75486449E-02   2.10059993E-02   2.38832664E-02   2.61024833E-02   2.76043545E-02   2.83497293E-02   2.83204913E-02   2.75198072E-02   2.59717908E-02   2.37205885E-02   2.08289679E-02   1.73764415E-02   1.34570282E-02   9.17669572E-03   4.65057651E-03   0.00000000    
   0.00000000       4.65597259E-03   9.18275956E-03   1.34549281E-02   1.73544250E-02   2.07739640E-02   2.36200467E-02   2.58155446E-02   2.73017567E-02   2.80398838E-02   2.80119125E-02   2.72208750E-02   2.56905165E-02   2.34644208E-02   2.06046049E-02   1.71896871E-02   1.33126602E-02   9.07838065E-03   4.60079359E-03   0.00000000    
   0.00000000       4.60429816E-03   9.08091199E-03   1.33058596E-02   1.71624422E-02   2.05445811E-02   2.33598128E-02   2.55318303E-02   2.70025227E-02   2.77334452E-02   2.77066864E-02   2.69251466E-02   2.54122224E-02   2.32109334E-02   2.03825645E-02   1.70048438E-02   1.31697590E-02   8.98105744E-03   4.55151079E-03   0.00000000    
   0.00000000       4.55322443E-03   8.98024533E-03   1.31585142E-02   1.69726647E-02   2.03178190E-02   2.31025275E-02   2.52513010E-02   2.67066155E-02   2.74303723E-02   2.74047740E-02   2.66325921E-02   2.51368769E-02   2.29601022E-02   2.01628245E-02   1.68218985E-02   1.30283125E-02   8.88471957E-03   4.50272532E-03   0.00000000    
   0.00000000       4.50274302E-03   8.88074469E-03   1.30128674E-02   1.67850666E-02   2.00936403E-02   2.28481535E-02   2.49739178E-02   2.64139920E-02   2.71306299E-02   2.71061398E-02   2.63431780E-02   2.48644538E-02   2.27119010E-02   1.99453644E-02   1.66408345E-02   1.28883095E-02   8.78935866E-03   4.45443299E-03   0.00000000    
   0.00000000       4.45284648E-03   8.78239330E-03   1.28688980E-02   1.65996160E-02   1.98720153E-02   2.25966536E-02   2.46996414E-02   2.61246171E-02   2.68341787E-02   2.68107504E-02   2.60568727E-02   2.45949216E-02   2.24663075E-02   1.97301675E-02   1.64616369E-02   1.27497390E-02   8.69496912E-03   4.40663006E-03   0.00000000    
   0.00000000       4.40352643E-03   8.68517626E-03   1.27265835E-02   1.64162889E-02   1.96529105E-02   2.23479941E-02   2.44284365E-02   2.58384515E-02   2.65409835E-02   2.65185703E-02   2.57736426E-02   2.43282560E-02   2.22232975E-02   1.95172112E-02   1.62842907E-02   1.26125906E-02   8.60154163E-03   4.35931375E-03   0.00000000    
   0.00000000       4.35477588E-03   8.58907867E-03   1.25859035E-02   1.62350554E-02   1.94362961E-02   2.21021380E-02   2.41602659E-02   2.55554579E-02   2.62510050E-02   2.62295641E-02   2.54934598E-02   2.40644272E-02   2.19828468E-02   1.93064772E-02   1.61087792E-02   1.24768512E-02   8.50906968E-03   4.31247940E-03   0.00000000    
   0.00000000       4.30658646E-03   8.49408749E-03   1.24468347E-02   1.60558913E-02   1.92221366E-02   2.18590517E-02   2.38950923E-02   2.52755992E-02   2.59642098E-02   2.59436984E-02   2.52162889E-02   2.38034073E-02   2.17449311E-02   1.90979466E-02   1.59350876E-02   1.23425098E-02   8.41754582E-03   4.26612375E-03   0.00000000    
   0.00000000       4.25895210E-03   8.40018597E-03   1.23093585E-02   1.58787668E-02   1.90104041E-02   2.16187015E-02   2.36328784E-02   2.49988399E-02   2.56805606E-02   2.56609395E-02   2.49421000E-02   2.35451702E-02   2.15095282E-02   1.88915972E-02   1.57632008E-02   1.22095551E-02   8.32696259E-03   4.22024308E-03   0.00000000    
   0.00000000       4.21186490E-03   8.30736104E-03   1.21734524E-02   1.57036576E-02   1.88010689E-02   2.13810541E-02   2.33735926E-02   2.47251429E-02   2.54000239E-02   2.53812522E-02   2.46708635E-02   2.32896861E-02   2.12766118E-02   1.86874103E-02   1.55931013E-02   1.20779760E-02   8.23731162E-03   4.17483365E-03   0.00000000    
   0.00000000       4.16531740E-03   8.21559969E-03   1.20390980E-02   1.55305397E-02   1.85940992E-02   2.11460758E-02   2.31171977E-02   2.44544744E-02   2.51225624E-02   2.51046047E-02   2.44025476E-02   2.30369270E-02   2.10461617E-02   1.84853673E-02   1.54247750E-02   1.19477604E-02   8.14858638E-03   4.12989128E-03   0.00000000    
   0.00000000       4.11930354E-03   8.12488608E-03   1.19062755E-02   1.53593868E-02   1.83894653E-02   2.09137332E-02   2.28636600E-02   2.41867993E-02   2.48481445E-02   2.48309653E-02   2.41371226E-02   2.27868687E-02   2.08181497E-02   1.82854477E-02   1.52582061E-02   1.18188970E-02   8.06077756E-03   4.08541271E-03   0.00000000    
   0.00000000       4.07381495E-03   8.03520903E-03   1.17749646E-02   1.51901739E-02   1.81871410E-02   2.06839964E-02   2.26129442E-02   2.39220820E-02   2.45767348E-02   2.45603006E-02   2.38745585E-02   2.25394834E-02   2.05925573E-02   1.80876311E-02   1.50933787E-02   1.16913728E-02   7.97387958E-03   4.04139375E-03   0.00000000    
   0.00000000       4.02884651E-03   7.94655364E-03   1.16451457E-02   1.50228767E-02   1.79870967E-02   2.04568338E-02   2.23650206E-02   2.36602873E-02   2.43082996E-02   2.42925771E-02   2.36148257E-02   2.22947430E-02   2.03693565E-02   1.78919006E-02   1.49302771E-02   1.15651777E-02   7.88788218E-03   3.99783067E-03   0.00000000    
   0.00000000       3.98439076E-03   7.85890780E-03   1.15168011E-02   1.48574719E-02   1.77893043E-02   2.02322137E-02   2.21198518E-02   2.34013852E-02   2.40428057E-02   2.40277648E-02   2.33578924E-02   2.20526215E-02   2.01485287E-02   1.76982339E-02   1.47688864E-02   1.14402995E-02   7.80277979E-03   3.95471882E-03   0.00000000    
   0.00000000       3.94044118E-03   7.77225848E-03   1.13899121E-02   1.46939363E-02   1.75937340E-02   2.00101044E-02   2.18774099E-02   2.31453404E-02   2.37802211E-02   2.37658322E-02   2.31037326E-02   2.18130928E-02   1.99300479E-02   1.75066125E-02   1.46091906E-02   1.13167260E-02   7.71856308E-03   3.91205586E-03   0.00000000    
   0.00000000       3.89699172E-03   7.68659264E-03   1.12644602E-02   1.45322457E-02   1.74003635E-02   1.97904781E-02   2.16376595E-02   2.28921212E-02   2.35205125E-02   2.35067476E-02   2.28523165E-02   2.15761308E-02   1.97138917E-02   1.73170175E-02   1.44511731E-02   1.11944471E-02   7.63522554E-03   3.86983645E-03   0.00000000    
   0.00000000       3.85403540E-03   7.60189909E-03   1.11404276E-02   1.43723786E-02   1.72091629E-02   1.95733048E-02   2.14005709E-02   2.26416923E-02   2.32636500E-02   2.32504811E-02   2.26036143E-02   2.13417094E-02   1.95000377E-02   1.71294287E-02   1.42948208E-02   1.10734487E-02   7.55275832E-03   3.82805755E-03   0.00000000    
   0.00000000       3.81156662E-03   7.51816481E-03   1.10177966E-02   1.42143127E-02   1.70201063E-02   1.93585549E-02   2.11661123E-02   2.23940276E-02   2.30096001E-02   2.29970012E-02   2.23575998E-02   2.11098026E-02   1.92884635E-02   1.69438291E-02   1.41401151E-02   1.09537216E-02   7.47115398E-03   3.78671475E-03   0.00000000    
   0.00000000       3.76957934E-03   7.43537815E-03   1.08965505E-02   1.40580237E-02   1.68331675E-02   1.91461984E-02   2.09342558E-02   2.21490897E-02   2.27583311E-02   2.27462798E-02   2.21142415E-02   2.08803862E-02   1.90791450E-02   1.67601965E-02   1.39870429E-02   1.08352518E-02   7.39040552E-03   3.74580454E-03   0.00000000    
   0.00000000       3.72806704E-03   7.35352747E-03   1.07766706E-02   1.39034921E-02   1.66483223E-02   1.89362094E-02   2.07049660E-02   2.19068527E-02   2.25098133E-02   2.24982854E-02   2.18735151E-02   2.06534322E-02   1.88720617E-02   1.65785141E-02   1.38355875E-02   1.07180299E-02   7.31050363E-03   3.70532321E-03   0.00000000    
   0.00000000       3.68702435E-03   7.27260066E-03   1.06581422E-02   1.37506956E-02   1.64655447E-02   1.87285580E-02   2.04782188E-02   2.16672830E-02   2.22640187E-02   2.22529881E-02   2.16353908E-02   2.04289164E-02   1.86671913E-02   1.63987633E-02   1.36857349E-02   1.06020421E-02   7.23144179E-03   3.66526609E-03   0.00000000    
   0.00000000       3.64644523E-03   7.19258655E-03   1.05409473E-02   1.35996146E-02   1.62848104E-02   1.85232162E-02   2.02539805E-02   2.14303508E-02   2.20209118E-02   2.20103618E-02   2.13998407E-02   2.02068165E-02   1.84645094E-02   1.62209235E-02   1.35374693E-02   1.04872789E-02   7.15321163E-03   3.62562994E-03   0.00000000    
   0.00000000       3.60632362E-03   7.11347442E-03   1.04250703E-02   1.34502258E-02   1.61060952E-02   1.83201600E-02   2.00322233E-02   2.11960264E-02   2.17804667E-02   2.17703730E-02   2.11668387E-02   1.99871026E-02   1.82639975E-02   1.60449762E-02   1.33907748E-02   1.03737283E-02   7.07580568E-03   3.58641054E-03   0.00000000    
   0.00000000       3.56665440E-03   7.03525217E-03   1.03104943E-02   1.33025115E-02   1.59293730E-02   1.81193594E-02   1.98129192E-02   2.09642816E-02   2.15426534E-02   2.15329975E-02   2.09363587E-02   1.97697543E-02   1.80656314E-02   1.58709045E-02   1.32456366E-02   1.02613783E-02   6.99921651E-03   3.54760443E-03   0.00000000    
   0.00000000       3.52743175E-03   6.95791002E-03   1.01972045E-02   1.31564494E-02   1.57546233E-02   1.79207884E-02   1.95960402E-02   2.07350850E-02   2.13074423E-02   2.12982036E-02   2.07083728E-02   1.95547473E-02   1.78693905E-02   1.56986881E-02   1.31020406E-02   1.01502165E-02   6.92343619E-03   3.50920740E-03   0.00000000    
   0.00000000       3.48865031E-03   6.88143633E-03   1.00851851E-02   1.30120208E-02   1.55818202E-02   1.77244227E-02   1.93815567E-02   2.05084104E-02   2.10748035E-02   2.10659672E-02   2.04828549E-02   1.93420555E-02   1.76752526E-02   1.55283101E-02   1.29599702E-02   1.00402338E-02   6.84845680E-03   3.47121595E-03   0.00000000    
   0.00000000       3.45030450E-03   6.80582132E-03   9.97442007E-03   1.28692063E-02   1.54109420E-02   1.75302345E-02   1.91694442E-02   2.02842262E-02   2.08447110E-02   2.08362564E-02   2.02597808E-02   1.91316549E-02   1.74831972E-02   1.53597509E-02   1.28194112E-02   9.93141718E-03   6.77427137E-03   3.43362591E-03   0.00000000    
   0.00000000       3.41238943E-03   6.73105381E-03   9.86489467E-03   1.27279861E-02   1.52419647E-02   1.73382014E-02   1.89596731E-02   2.00625081E-02   2.06171349E-02   2.06090473E-02   2.00391207E-02   1.89235229E-02   1.72932018E-02   1.51929939E-02   1.26803499E-02   9.82375629E-03   6.70087151E-03   3.39643378E-03   0.00000000    
   0.00000000       3.37489950E-03   6.65712450E-03   9.75659490E-03   1.25883408E-02   1.50748678E-02   1.71482954E-02   1.87522192E-02   1.98432244E-02   2.03920491E-02   2.03843117E-02   1.98208522E-02   1.87176336E-02   1.71052478E-02   1.50280194E-02   1.25427702E-02   9.71724000E-03   6.62825024E-03   3.35963536E-03   0.00000000    
   0.00000000       3.33782961E-03   6.58402266E-03   9.64950491E-03   1.24502536E-02   1.49096278E-02   1.69604942E-02   1.85470525E-02   1.96263529E-02   2.01694239E-02   2.01620236E-02   1.96049493E-02   1.85139664E-02   1.69193111E-02   1.48648107E-02   1.24066574E-02   9.61185619E-03   6.55640010E-03   3.32322717E-03   0.00000000    
   0.00000000       3.30117508E-03   6.51173806E-03   9.54361167E-03   1.23137040E-02   1.47462245E-02   1.67747717E-02   1.83441490E-02   1.94118619E-02   1.99492350E-02   1.99421532E-02   1.93913858E-02   1.83124971E-02   1.67353731E-02   1.47033492E-02   1.22719985E-02   9.50759463E-03   6.48531318E-03   3.28720547E-03   0.00000000    
   0.00000000       3.26493033E-03   6.44026231E-03   9.43889935E-03   1.21786753E-02   1.45846354E-02   1.65911037E-02   1.81434825E-02   1.91997252E-02   1.97314527E-02   1.97246782E-02   1.91801377E-02   1.81132033E-02   1.65534131E-02   1.45436181E-02   1.21387774E-02   9.40444320E-03   6.41498249E-03   3.25156632E-03   0.00000000    
   0.00000000       3.22909094E-03   6.36958424E-03   9.33535490E-03   1.20451488E-02   1.44248391E-02   1.64094679E-02   1.79450288E-02   1.89899188E-02   1.95160527E-02   1.95095725E-02   1.89711805E-02   1.79160610E-02   1.63734108E-02   1.43855996E-02   1.20069804E-02   9.30239260E-03   6.34540012E-03   3.21630621E-03   0.00000000    
   0.00000000       3.19365179E-03   6.29969500E-03   9.23296437E-03   1.19131077E-02   1.42668141E-02   1.62298400E-02   1.77487601E-02   1.87824164E-02   1.93030071E-02   1.92968082E-02   1.87644903E-02   1.77210495E-02   1.61953457E-02   1.42292762E-02   1.18765933E-02   9.20143072E-03   6.27655955E-03   3.18142120E-03   0.00000000    
   0.00000000       3.15860845E-03   6.23058574E-03   9.13171377E-03   1.17825326E-02   1.41105419E-02   1.60521977E-02   1.75546538E-02   1.85771901E-02   1.90922916E-02   1.90863609E-02   1.85600407E-02   1.75281446E-02   1.60191990E-02   1.40746310E-02   1.17476014E-02   9.10154730E-03   6.20845286E-03   3.14690801E-03   0.00000000    
   0.00000000       3.12395603E-03   6.16224622E-03   9.03159007E-03   1.16534084E-02   1.39560001E-02   1.58765186E-02   1.73626859E-02   1.83742158E-02   1.88838784E-02   1.88782047E-02   1.83578096E-02   1.73373241E-02   1.58449505E-02   1.39216464E-02   1.16199916E-02   9.00273118E-03   6.14107260E-03   3.11276270E-03   0.00000000    
   0.00000000       3.08968965E-03   6.09466759E-03   8.93258024E-03   1.15257176E-02   1.38031710E-02   1.57027785E-02   1.71728302E-02   1.81734692E-02   1.86777432E-02   1.86723154E-02   1.81577727E-02   1.71485692E-02   1.56725775E-02   1.37703065E-02   1.14937490E-02   8.90497211E-03   6.07441226E-03   3.07898154E-03   0.00000000    
   0.00000000       3.05580487E-03   6.02784147E-03   8.83467030E-03   1.13994442E-02   1.36520322E-02   1.55309560E-02   1.69850644E-02   1.79749224E-02   1.84738617E-02   1.84686687E-02   1.79599077E-02   1.69618540E-02   1.55020654E-02   1.36205917E-02   1.13688614E-02   8.80825892E-03   6.00846391E-03   3.04556126E-03   0.00000000    
   0.00000000       3.02229752E-03   5.96175808E-03   8.73784814E-03   1.12745697E-02   1.35025661E-02   1.53610297E-02   1.67993642E-02   1.77785549E-02   1.82722080E-02   1.82672422E-02   1.77641902E-02   1.67771596E-02   1.53333917E-02   1.34724891E-02   1.12453122E-02   8.71258229E-03   5.94322104E-03   3.01249791E-03   0.00000000    
   0.00000000       2.98916269E-03   5.89640997E-03   8.64210073E-03   1.11510800E-02   1.33547522E-02   1.51929781E-02   1.66157074E-02   1.75843406E-02   1.80727597E-02   1.80680081E-02   1.75705981E-02   1.65944640E-02   1.51665378E-02   1.33259790E-02   1.11230910E-02   8.61793011E-03   5.87867619E-03   2.97978800E-03   0.00000000    
   0.00000000       2.95639643E-03   5.83178736E-03   8.54741596E-03   1.10289576E-02   1.32085737E-02   1.50267798E-02   1.64340697E-02   1.73922554E-02   1.78754907E-02   1.78709440E-02   1.73791088E-02   1.64137464E-02   1.50014851E-02   1.31810475E-02   1.10021820E-02   8.52429308E-03   5.81482239E-03   2.94742803E-03   0.00000000    
   0.00000000       2.92399433E-03   5.76788234E-03   8.45378079E-03   1.09081874E-02   1.30640101E-02   1.48624135E-02   1.62544288E-02   1.72022749E-02   1.76803786E-02   1.76760294E-02   1.71896983E-02   1.62349865E-02   1.48382150E-02   1.30376760E-02   1.08825723E-02   8.43166001E-03   5.75165311E-03   2.91541452E-03   0.00000000    
   0.00000000       2.89195171E-03   5.70468651E-03   8.36118404E-03   1.07887536E-02   1.29210427E-02   1.46998586E-02   1.60767622E-02   1.70143787E-02   1.74873974E-02   1.74832363E-02   1.70023460E-02   1.60581619E-02   1.46767078E-02   1.28958505E-02   1.07642487E-02   8.34002253E-03   5.68916043E-03   2.88374419E-03   0.00000000    
   0.00000000       2.86026485E-03   5.64219151E-03   8.26961268E-03   1.06706414E-02   1.27796531E-02   1.45390937E-02   1.59010477E-02   1.68285388E-02   1.72965247E-02   1.72925442E-02   1.68170277E-02   1.58832539E-02   1.45169469E-02   1.27555523E-02   1.06471991E-02   8.24936852E-03   5.62733877E-03   2.85241310E-03   0.00000000    
   0.00000000       2.82892957E-03   5.58038941E-03   8.17905553E-03   1.05538350E-02   1.26398243E-02   1.43800993E-02   1.57272629E-02   1.66447368E-02   1.71077382E-02   1.71039291E-02   1.66337248E-02   1.57102402E-02   1.43589117E-02   1.26167685E-02   1.05314078E-02   8.15968867E-03   5.56618022E-03   2.82141822E-03   0.00000000    
   0.00000000       2.79794168E-03   5.51927183E-03   8.08950141E-03   1.04383193E-02   1.25015387E-02   1.42228547E-02   1.55553874E-02   1.64629482E-02   1.69210136E-02   1.69173703E-02   1.64524131E-02   1.55391023E-02   1.42025854E-02   1.24794813E-02   1.04168644E-02   8.07097275E-03   5.50567871E-03   2.79075583E-03   0.00000000    
   0.00000000       2.76729697E-03   5.45883179E-03   8.00093636E-03   1.03240795E-02   1.23647777E-02   1.40673406E-02   1.53853986E-02   1.62831508E-02   1.67363305E-02   1.67328455E-02   1.62730720E-02   1.53698195E-02   1.40479505E-02   1.23436758E-02   1.03035541E-02   7.98321143E-03   5.44582726E-03   2.76042265E-03   0.00000000    
   0.00000000       2.73699220E-03   5.39905950E-03   7.91335199E-03   1.02111017E-02   1.22295236E-02   1.39135392E-02   1.52172763E-02   1.61053222E-02   1.65536646E-02   1.65503304E-02   1.60956811E-02   1.52023733E-02   1.38949882E-02   1.22093372E-02   1.01914657E-02   7.89639447E-03   5.38661890E-03   2.73041544E-03   0.00000000    
   0.00000000       2.70702224E-03   5.33994939E-03   7.82673527E-03   1.00993710E-02   1.20957615E-02   1.37614282E-02   1.50509998E-02   1.59294400E-02   1.63729936E-02   1.63698047E-02   1.59202181E-02   1.50367422E-02   1.37436818E-02   1.20764486E-02   1.00805862E-02   7.81051256E-03   5.32804755E-03   2.70073069E-03   0.00000000    
   0.00000000       2.67738430E-03   5.28149307E-03   7.74107501E-03   9.98887327E-03   1.19634718E-02   1.36109898E-02   1.48865469E-02   1.57554857E-02   1.61942970E-02   1.61912460E-02   1.57466624E-02   1.48729086E-02   1.35940127E-02   1.19449971E-02   9.97090153E-03   7.72555592E-03   5.27010672E-03   2.67136516E-03   0.00000000    
   0.00000000       2.64807418E-03   5.22368262E-03   7.65636144E-03   9.87959374E-03   1.18326396E-02   1.34622054E-02   1.47238988E-02   1.55834351E-02   1.60175525E-02   1.60146337E-02   1.55749945E-02   1.47108519E-02   1.34459650E-02   1.18149649E-02   9.86240152E-03   7.64151430E-03   5.21278987E-03   2.64231581E-03   0.00000000    
   0.00000000       2.61908793E-03   5.16651059E-03   7.57258292E-03   9.77151934E-03   1.17032472E-02   1.33150565E-02   1.45630352E-02   1.54132675E-02   1.58427376E-02   1.58399455E-02   1.54051930E-02   1.45505546E-02   1.32995201E-02   1.16863400E-02   9.75507218E-03   7.55837932E-03   5.15609002E-03   2.61357916E-03   0.00000000    
   0.00000000       2.59042182E-03   5.10997046E-03   7.48972828E-03   9.66463611E-03   1.15752798E-02   1.31695243E-02   1.44039365E-02   1.52449626E-02   1.56698320E-02   1.56671610E-02   1.52372383E-02   1.43919960E-02   1.31546622E-02   1.15591045E-02   9.64890234E-03   7.47614074E-03   5.10000158E-03   2.58515193E-03   0.00000000    
   0.00000000       2.56207259E-03   5.05405385E-03   7.40778819E-03   9.55893006E-03   1.14487205E-02   1.30255911E-02   1.42465821E-02   1.50784999E-02   1.54988160E-02   1.54962605E-02   1.50711108E-02   1.42351594E-02   1.30113726E-02   1.14332465E-02   9.54387896E-03   7.39478972E-03   5.04451757E-03   2.55703111E-03   0.00000000    
   0.00000000       2.53403606E-03   4.99875518E-03   7.32675102E-03   9.45438910E-03   1.13235526E-02   1.28832394E-02   1.40909525E-02   1.49138598E-02   1.53296674E-02   1.53272226E-02   1.49067901E-02   1.40800253E-02   1.28696365E-02   1.13087501E-02   9.43998992E-03   7.31431646E-03   4.98963194E-03   2.52921320E-03   0.00000000    
   0.00000000       2.50630919E-03   4.94406605E-03   7.24660791E-03   9.35099926E-03   1.11997621E-02   1.27424495E-02   1.39370300E-02   1.47510199E-02   1.51623664E-02   1.51600279E-02   1.47442576E-02   1.39265759E-02   1.27294371E-02   1.11856004E-02   9.33722500E-03   7.23471213E-03   4.93533816E-03   2.50169542E-03   0.00000000    
   0.00000000       2.47888826E-03   4.88997996E-03   7.16734771E-03   9.24874749E-03   1.10773323E-02   1.26032066E-02   1.37847941E-02   1.45899625E-02   1.49968928E-02   1.49946548E-02   1.45834927E-02   1.37747927E-02   1.25907576E-02   1.10637853E-02   9.23557021E-03   7.15596788E-03   4.88163065E-03   2.47447425E-03   0.00000000    
   0.00000000       2.45176954E-03   4.83649038E-03   7.08896061E-03   9.14762169E-03   1.09562483E-02   1.24654919E-02   1.36342263E-02   1.44306673E-02   1.48332259E-02   1.48310848E-02   1.44244777E-02   1.36246588E-02   1.24535831E-02   1.09432880E-02   9.13501531E-03   7.07807392E-03   4.82850289E-03   2.44754716E-03   0.00000000    
   0.00000000       2.42495001E-03   4.78359032E-03   7.01143686E-03   9.04760789E-03   1.08364951E-02   1.23292878E-02   1.34853087E-02   1.42731145E-02   1.46713462E-02   1.46692982E-02   1.42671932E-02   1.34761557E-02   1.23178950E-02   1.08240973E-02   9.03554820E-03   7.00102188E-03   4.77594882E-03   2.42091063E-03   0.00000000    
   0.00000000       2.39842618E-03   4.73127281E-03   6.93476666E-03   8.94869398E-03   1.07180569E-02   1.21945795E-02   1.33380229E-02   1.41172847E-02   1.45112341E-02   1.45092756E-02   1.41116204E-02   1.33292666E-02   1.21836802E-02   1.07061965E-02   8.93715769E-03   6.92480337E-03   4.72396286E-03   2.39456166E-03   0.00000000    
   0.00000000       2.37219431E-03   4.67953179E-03   6.85894024E-03   8.85086786E-03   1.06009208E-02   1.20613482E-02   1.31923500E-02   1.39631601E-02   1.43528711E-02   1.43509973E-02   1.39577407E-02   1.31839737E-02   1.20509211E-02   1.05895745E-02   8.83983169E-03   6.84940908E-03   4.67253849E-03   2.36849743E-03   0.00000000    
   0.00000000       2.34625163E-03   4.62836027E-03   6.78394781E-03   8.75411835E-03   1.04850708E-02   1.19295781E-02   1.30482735E-02   1.38107203E-02   1.41962375E-02   1.41944438E-02   1.38055366E-02   1.30402595E-02   1.19196037E-02   1.04742162E-02   8.74355994E-03   6.77482970E-03   4.62167012E-03   2.34271493E-03   0.00000000    
   0.00000000       2.32059439E-03   4.57775174E-03   6.70978101E-03   8.65843054E-03   1.03704929E-02   1.17992535E-02   1.29057737E-02   1.36599485E-02   1.40413130E-02   1.40395984E-02   1.36549883E-02   1.28981080E-02   1.17897112E-02   1.03601087E-02   8.64833035E-03   6.70105778E-03   4.57135169E-03   2.31721113E-03   0.00000000    
   0.00000000       2.29521957E-03   4.52770060E-03   6.63642911E-03   8.56379513E-03   1.02571724E-02   1.16703575E-02   1.27648357E-02   1.35108242E-02   1.38880815E-02   1.38864405E-02   1.35060800E-02   1.27575016E-02   1.16612287E-02   1.02472380E-02   8.55413266E-03   6.62808446E-03   4.52157808E-03   2.29198299E-03   0.00000000    
   0.00000000       2.27012415E-03   4.47819941E-03   6.56388374E-03   8.47020000E-03   1.01450952E-02   1.15428744E-02   1.26254400E-02   1.33633316E-02   1.37365218E-02   1.37349525E-02   1.33587932E-02   1.26184234E-02   1.15341414E-02   1.01355920E-02   8.46095569E-03   6.55590137E-03   4.47234279E-03   2.26702774E-03   0.00000000    
   0.00000000       2.24530464E-03   4.42924304E-03   6.49213651E-03   8.37763119E-03   1.00342492E-02   1.14167891E-02   1.24875708E-02   1.32174511E-02   1.35866180E-02   1.35851167E-02   1.32131092E-02   1.24808587E-02   1.14084342E-02   1.00251576E-02   8.36878829E-03   6.48449967E-03   4.42364020E-03   2.24234257E-03   0.00000000    
   0.00000000       2.22075824E-03   4.38082498E-03   6.42117672E-03   8.28608032E-03   9.92461760E-03   1.12920860E-02   1.23512102E-02   1.30731659E-02   1.34383505E-02   1.34369144E-02   1.30690122E-02   1.23447888E-02   1.12840934E-02   9.91592091E-03   8.27762019E-03   6.41387142E-03   4.37546475E-03   2.21792469E-03   0.00000000    
   0.00000000       2.19648168E-03   4.33293916E-03   6.35099737E-03   8.19553342E-03   9.81619023E-03   1.11687481E-02   1.22163426E-02   1.29304575E-02   1.32917026E-02   1.32903280E-02   1.29264835E-02   1.22101996E-02   1.11611029E-02   9.80786979E-03   8.18744116E-03   6.34400826E-03   4.32781130E-03   2.19377084E-03   0.00000000    
   0.00000000       2.17247196E-03   4.28557955E-03   6.28158869E-03   8.10598210E-03   9.70895030E-03   1.10467626E-02   1.20829511E-02   1.27893100E-02   1.31466547E-02   1.31453397E-02   1.27855074E-02   1.20770745E-02   1.10394480E-02   9.70099121E-03   8.09823908E-03   6.27490273E-03   4.28067381E-03   2.16987869E-03   0.00000000    
   0.00000000       2.14872626E-03   4.23874008E-03   6.21294230E-03   8.01741146E-03   9.60288756E-03   1.09261135E-02   1.19510191E-02   1.26497047E-02   1.30031910E-02   1.30019328E-02   1.26460670E-02   1.19453967E-02   1.09191155E-02   9.59527306E-03   8.01000558E-03   6.20654551E-03   4.23404714E-03   2.14624521E-03   0.00000000    
   0.00000000       2.12524133E-03   4.19241516E-03   6.14504889E-03   7.92981405E-03   9.49798711E-03   1.08067850E-02   1.18205315E-02   1.25116250E-02   1.28612928E-02   1.28600895E-02   1.25081455E-02   1.18151521E-02   1.08000906E-02   9.49070323E-03   7.92272855E-03   6.13893010E-03   4.18792572E-03   2.12286785E-03   0.00000000    
   0.00000000       2.10201438E-03   4.14659921E-03   6.07790146E-03   7.84317683E-03   9.39423684E-03   1.06887640E-02   1.16914706E-02   1.23750549E-02   1.27209444E-02   1.27197932E-02   1.23717254E-02   1.16863251E-02   1.06823603E-02   9.38726868E-03   7.83639867E-03   6.07204763E-03   4.14230442E-03   2.09974381E-03   0.00000000    
   0.00000000       2.07904261E-03   4.10128618E-03   6.01149071E-03   7.75749050E-03   9.29162372E-03   1.05720358E-02   1.15638217E-02   1.22399768E-02   1.25821279E-02   1.25810262E-02   1.22367926E-02   1.15588997E-02   1.05659096E-02   9.28495731E-03   7.75100617E-03   6.00589067E-03   4.09717765E-03   2.07687053E-03   0.00000000    
   0.00000000       2.05632299E-03   4.05647047E-03   5.94580872E-03   7.67274387E-03   9.19013564E-03   1.04565853E-02   1.14375697E-02   1.21063748E-02   1.24448268E-02   1.24437734E-02   1.21033285E-02   1.14328610E-02   1.04507245E-02   9.18375794E-03   7.66654033E-03   5.94045175E-03   4.05253982E-03   2.05424521E-03   0.00000000    
   0.00000000       2.03385274E-03   4.01214696E-03   5.88084757E-03   7.58892670E-03   9.08975862E-03   1.03423996E-02   1.13126980E-02   1.19742332E-02   1.23090250E-02   1.23080164E-02   1.19713191E-02   1.13081932E-02   1.03367921E-02   9.08365753E-03   7.58299185E-03   5.87572251E-03   4.00838675E-03   2.03186506E-03   0.00000000    
   0.00000000       2.01162929E-03   3.96830961E-03   5.81659889E-03   7.50602782E-03   8.99048243E-03   1.02294628E-02   1.11891925E-02   1.18435360E-02   1.21747050E-02   1.21737411E-02   1.18407477E-02   1.11848833E-02   1.02240983E-02   8.98464490E-03   7.50035048E-03   5.81169594E-03   3.96471238E-03   2.00972776E-03   0.00000000    
   0.00000000       1.98964961E-03   3.92495329E-03   5.75305475E-03   7.42403837E-03   8.89229309E-03   1.01177627E-02   1.10670384E-02   1.17142666E-02   1.20418519E-02   1.20409289E-02   1.17115993E-02   1.10629154E-02   1.01126311E-02   8.88670888E-03   7.41860643E-03   5.74836414E-03   3.92151205E-03   1.98783050E-03   0.00000000    
   0.00000000       1.96791114E-03   3.88207240E-03   5.69020770E-03   7.34294672E-03   8.79517850E-03   1.00072855E-02   1.09462198E-02   1.15864091E-02   1.19104488E-02   1.19095659E-02   1.15838572E-02   1.09422756E-02   1.00023756E-02   8.78983643E-03   7.33775040E-03   5.68572013E-03   3.87878018E-03   1.96617097E-03   0.00000000    
   0.00000000       1.94641121E-03   3.83966207E-03   5.62804937E-03   7.26274401E-03   8.69912840E-03   9.89801623E-03   1.08267218E-02   1.14599494E-02   1.17804799E-02   1.17796352E-02   1.14575084E-02   1.08229481E-02   9.89331957E-03   8.69401731E-03   7.25777261E-03   5.62375644E-03   3.83651257E-03   1.94474624E-03   0.00000000    
   0.00000000       1.92514702E-03   3.79771669E-03   5.56657230E-03   7.18342001E-03   8.60412978E-03   9.78994370E-03   1.07085304E-02   1.13348709E-02   1.16519295E-02   1.16511220E-02   1.13325352E-02   1.07049206E-02   9.78545006E-03   8.59924033E-03   7.17866421E-03   5.56246517E-03   3.79470363E-03   1.92355423E-03   0.00000000    
   0.00000000       1.90411613E-03   3.75623116E-03   5.50576905E-03   7.10496446E-03   8.51017144E-03   9.68305301E-03   1.05916318E-02   1.12111578E-02   1.15247834E-02   1.15240104E-02   1.12089245E-02   1.05881784E-02   9.67875402E-03   8.50549340E-03   7.10041495E-03   5.50184026E-03   3.75334849E-03   1.90259225E-03   0.00000000    
   0.00000000       1.88331574E-03   3.71520035E-03   5.44563215E-03   7.02736946E-03   8.41724128E-03   9.57733206E-03   1.04760109E-02   1.10887978E-02   1.13990242E-02   1.13982856E-02   1.10866604E-02   1.04727075E-02   9.57321934E-03   8.41276627E-03   7.02301646E-03   5.44187333E-03   3.71244270E-03   1.88185787E-03   0.00000000    
   0.00000000       1.86274329E-03   3.67461937E-03   5.38615417E-03   6.95062336E-03   8.32532905E-03   9.47276689E-03   1.03616538E-02   1.09677734E-02   1.12746386E-02   1.12739308E-02   1.09657291E-02   1.03584938E-02   9.46883298E-03   8.32104776E-03   6.94645895E-03   5.38255833E-03   3.67198093E-03   1.86134863E-03   0.00000000    
   0.00000000       1.84239645E-03   3.63448285E-03   5.32732811E-03   6.87471777E-03   8.23442172E-03   9.36934631E-03   1.02485465E-02   1.08480714E-02   1.11516090E-02   1.11509329E-02   1.08461156E-02   1.02455234E-02   9.36558284E-03   8.23032670E-03   6.87073404E-03   5.32388780E-03   3.63195897E-03   1.84106210E-03   0.00000000    
   0.00000000       1.82227243E-03   3.59478639E-03   5.26914559E-03   6.79964339E-03   8.14450998E-03   9.26705636E-03   1.01366760E-02   1.07296761E-02   1.10299233E-02   1.10292761E-02   1.07278060E-02   1.01337843E-02   9.26345680E-03   8.14059190E-03   6.79583242E-03   5.26585476E-03   3.59237171E-03   1.82099605E-03   0.00000000    
   0.00000000       1.80236902E-03   3.55552440E-03   5.21160103E-03   6.72539091E-03   8.05558171E-03   9.16588586E-03   1.00260284E-02   1.06125753E-02   1.09095657E-02   1.09089473E-02   1.06107853E-02   1.00232624E-02   9.16244183E-03   8.05183407E-03   6.72174525E-03   5.20845270E-03   3.55321472E-03   1.80114794E-03   0.00000000    
   0.00000000       1.78268354E-03   3.51669290E-03   5.15468605E-03   6.65195147E-03   7.96762761E-03   9.06582084E-03   9.91659053E-03   1.04967523E-02   1.07905222E-02   1.07899299E-02   1.04950406E-02   9.91394371E-03   9.06252675E-03   7.96404202E-03   6.64846366E-03   5.15167462E-03   3.51448311E-03   1.78151543E-03   0.00000000    
   0.00000000       1.76321389E-03   3.47828656E-03   5.09839505E-03   6.57931576E-03   7.88063463E-03   8.96685105E-03   9.80834756E-03   1.03821959E-02   1.06727770E-02   1.06722107E-02   1.03805577E-02   9.80581529E-03   8.96369945E-03   7.87720457E-03   6.57597929E-03   5.09551354E-03   3.47617269E-03   1.76209630E-03   0.00000000    
   0.00000000       1.74395740E-03   3.44030093E-03   5.04272012E-03   6.50747493E-03   7.79459346E-03   8.86896346E-03   9.70128831E-03   1.02688894E-02   1.05563179E-02   1.05557758E-02   1.02673220E-02   9.69886594E-03   8.86594784E-03   7.79131241E-03   6.50428329E-03   5.03996341E-03   3.43827857E-03   1.74288836E-03   0.00000000    
   0.00000000       1.72491185E-03   3.40273115E-03   4.98765428E-03   6.43642060E-03   7.70949386E-03   8.77214503E-03   9.59539879E-03   1.01568205E-02   1.04411300E-02   1.04406113E-02   1.01553211E-02   9.59308073E-03   8.76926072E-03   7.70635484E-03   6.43336680E-03   4.98501724E-03   3.40079633E-03   1.72388915E-03   0.00000000    
   0.00000000       1.70607481E-03   3.36557277E-03   4.93319146E-03   6.36614347E-03   7.62532512E-03   8.67638644E-03   9.49066598E-03   1.00459754E-02   1.03271985E-02   1.03267031E-02   1.00445412E-02   9.48844850E-03   8.67362600E-03   7.62232207E-03   6.36322238E-03   4.93066851E-03   3.36372177E-03   1.70509634E-03   0.00000000    
   0.00000000       1.68744405E-03   3.32882116E-03   4.87932470E-03   6.29663514E-03   7.54207699E-03   8.58167373E-03   9.38707776E-03   9.93634108E-03   1.02145113E-02   1.02140363E-02   9.93496925E-03   9.38495621E-03   8.57903343E-03   7.53920386E-03   6.29384071E-03   4.87691117E-03   3.32705025E-03   1.68650795E-03   0.00000000    
   0.00000000       1.66901725E-03   3.29247164E-03   4.82604746E-03   6.22788770E-03   7.45973922E-03   8.48799665E-03   9.28462110E-03   9.82790347E-03   1.01030534E-02   1.01025999E-02   9.82659124E-03   9.28259268E-03   8.48547090E-03   7.45699042E-03   6.22521434E-03   4.82373871E-03   3.29077779E-03   1.66812167E-03   0.00000000    
   0.00000000       1.65079208E-03   3.25652026E-03   4.77335323E-03   6.15989231E-03   7.37830158E-03   8.39534309E-03   9.18328390E-03   9.72065050E-03   9.99281183E-03   9.99237783E-03   9.71939508E-03   9.18134302E-03   8.39292724E-03   7.37567199E-03   6.15733443E-03   4.77114459E-03   3.25489976E-03   1.64993550E-03   0.00000000    
