 Temperature field:
   0.00000000       0.00000000       0.00000000       0.00000000       1.00000000       0.00000000       0.00000000       0.00000000       0.00000000       0.00000000    
   0.00000000       0.00000000       0.00000000      0.400000006      0.199999988      0.400000006       0.00000000       0.00000000       0.00000000       0.00000000    
   0.00000000       0.00000000      0.160000011      0.159999996      0.360000014      0.159999996      0.160000011       0.00000000       0.00000000       0.00000000    
   0.00000000       6.40000030E-02   9.60000008E-02  0.240000010      0.199999988      0.240000010       9.60000008E-02   6.40000030E-02   0.00000000       0.00000000    
   0.00000000       5.12000024E-02  0.140800014      0.166400000      0.232000008      0.166399986      0.140799999       5.12000024E-02   2.56000012E-02   0.00000000    
   0.00000000       6.65600076E-02  0.115200005      0.182400003      0.179519981      0.182400003      0.115199998       7.68000036E-02   2.56000012E-02   0.00000000    
   0.00000000       5.93920052E-02  0.122624010      0.154367998      0.181823999      0.154367998      0.126719996       7.16800019E-02   3.58400010E-02   0.00000000    
   0.00000000       6.09280057E-02  0.110028803      0.152652800      0.159859195      0.154291198      0.115763202       7.93600008E-02   3.58400010E-02   0.00000000    
   0.00000000       5.61971217E-02  0.107438080      0.138485759      0.154749438      0.141107202      0.116613120       7.65132830E-02   3.89120020E-02   0.00000000    
   0.00000000       5.42146564E-02   9.93607715E-02  0.132572159      0.142787069      0.136766464      0.110370815       7.75127038E-02   3.83877121E-02   0.00000000    
   0.00000000       5.05872406E-02   9.45868790E-02  0.123373568      0.136292860      0.128616452      0.107785828       7.50059485E-02   3.86826247E-02   0.00000000    
   0.00000000       4.79522012E-02   8.85016993E-02  0.117026612      0.128054574      0.123354763      0.103006124       7.35885724E-02   3.77389044E-02   0.00000000    
   0.00000000       4.49911207E-02   8.36918652E-02  0.110027827      0.121763468      0.117095232       9.93785560E-02   7.10157230E-02   3.69832106E-02   0.00000000    
   0.00000000       4.24749702E-02   7.87459537E-02  0.104187697      0.115201913      0.111875854       9.51200947E-02   6.87478483E-02   3.58029306E-02   0.00000000    
   0.00000000       3.99933755E-02   7.44142607E-02   9.84166861E-02  0.109465800      0.106503971       9.12735015E-02   6.61187768E-02   3.46597247E-02   0.00000000    
   0.00000000       3.77643779E-02   7.02468753E-02   9.32353586E-02  0.103861421      0.101596512       8.73038024E-02   6.35970458E-02   3.33794542E-02   0.00000000    
   0.00000000       3.56516242E-02   6.64492697E-02   8.82903934E-02   9.87050310E-02   9.67853889E-02   8.35381821E-02   6.09927103E-02   3.21147107E-02   0.00000000    
   0.00000000       3.37100327E-02   6.28666580E-02   8.37197974E-02   9.37713161E-02   9.22543630E-02   7.98188746E-02   5.84596992E-02   3.08200270E-02   0.00000000    
   0.00000000       3.18886712E-02   5.95452636E-02   7.93991461E-02   8.91439244E-02   8.78869519E-02   7.62493983E-02   5.59475012E-02   2.95478851E-02   0.00000000    
   0.00000000       3.01958397E-02   5.64241782E-02   7.53555074E-02   8.47432241E-02   8.37347209E-02   7.27836639E-02   5.35084121E-02   2.82885768E-02   0.00000000    
   0.00000000       2.86088400E-02   5.35053760E-02   7.15380609E-02   8.05847347E-02   7.97576979E-02   6.94539845E-02   5.11305779E-02   2.70610806E-02   0.00000000    
   0.00000000       2.71239188E-02   5.07598370E-02   6.79436550E-02   7.66352490E-02   7.59670287E-02   6.62461072E-02   4.88321409E-02   2.58644465E-02   0.00000000    
   0.00000000       2.57287193E-02   4.81789969E-02   6.45467639E-02   7.28913248E-02   7.23459497E-02   6.31688908E-02   4.66106497E-02   2.47057453E-02   0.00000000    
   0.00000000       2.44173426E-02   4.57459912E-02   6.13374822E-02   6.93353489E-02   6.88932762E-02   6.02164194E-02   4.44719829E-02   2.35854089E-02   0.00000000    
   0.00000000       2.31818650E-02   4.34511267E-02   5.83000332E-02   6.59593716E-02   6.55993596E-02   5.73893860E-02   4.24151272E-02   2.25058757E-02   0.00000000    
   0.00000000       2.20168233E-02   4.12829854E-02   5.54242060E-02   6.27516285E-02   6.24593757E-02   5.46836704E-02   4.04411294E-02   2.14672256E-02   0.00000000    
   0.00000000       2.09165588E-02   3.92330103E-02   5.26986867E-02   5.97037598E-02   5.94659932E-02   5.20969369E-02   3.85485850E-02   2.04698965E-02   0.00000000    
   0.00000000       1.98765155E-02   3.72927003E-02   5.01144454E-02   5.68066239E-02   5.66134788E-02   4.96252179E-02   3.67364511E-02   1.95134133E-02   0.00000000    
   0.00000000       1.88923832E-02   3.54549251E-02   4.76626195E-02   5.40524945E-02   5.38954325E-02   4.72650155E-02   3.50027420E-02   1.85972638E-02   0.00000000    
   0.00000000       1.79604460E-02   3.37129869E-02   4.53354903E-02   5.14337197E-02   5.13060912E-02   4.50122729E-02   3.33454609E-02   1.77205503E-02   0.00000000    
   0.00000000       1.70772839E-02   3.20609696E-02   4.31257822E-02   4.89433780E-02   4.88396138E-02   4.28630747E-02   3.17622200E-02   1.68822948E-02   0.00000000    
   0.00000000       1.62398443E-02   3.04934196E-02   4.10268940E-02   4.65748347E-02   4.64905053E-02   4.08133492E-02   3.02505922E-02   1.60813462E-02   0.00000000    
   0.00000000       1.54453367E-02   2.90053785E-02   3.90326791E-02   4.43219282E-02   4.42533754E-02   3.88591103E-02   2.88079958E-02   1.53165059E-02   0.00000000    
   0.00000000       1.46912187E-02   2.75922827E-02   3.71374600E-02   4.21788059E-02   4.21230905E-02   3.69963720E-02   2.74318457E-02   1.45864999E-02   0.00000000    
   0.00000000       1.39751565E-02   2.62499284E-02   3.53359282E-02   4.01399806E-02   4.00946885E-02   3.52212489E-02   2.61195172E-02   1.38900382E-02   0.00000000    
   0.00000000       1.32950023E-02   2.49744188E-02   3.36231515E-02   3.82002443E-02   3.81634310E-02   3.35299335E-02   2.48684175E-02   1.32258143E-02   0.00000000    
   0.00000000       1.26487678E-02   2.37621460E-02   3.19944955E-02   3.63546833E-02   3.63247581E-02   3.19187269E-02   2.36759819E-02   1.25925299E-02   0.00000000    
   0.00000000       1.20346118E-02   2.26097349E-02   3.04456297E-02   3.45986374E-02   3.45743150E-02   3.03840414E-02   2.25396995E-02   1.19888987E-02   0.00000000    
   0.00000000       1.14508159E-02   2.15140451E-02   2.89724749E-02   3.29277031E-02   3.29079330E-02   2.89224144E-02   2.14571152E-02   1.14136599E-02   0.00000000    
   0.00000000       1.08957812E-02   2.04721261E-02   2.75711957E-02   3.13377045E-02   3.13216336E-02   2.75305025E-02   2.04258524E-02   1.08655784E-02   0.00000000    
   0.00000000       1.03680063E-02   1.94812156E-02   2.62381714E-02   2.98246723E-02   2.98116095E-02   2.62050945E-02   1.94436032E-02   1.03434566E-02   0.00000000    
   0.00000000       9.86608770E-03   1.85387135E-02   2.49699894E-02   2.83848457E-02   2.83742286E-02   2.49431040E-02   1.85081419E-02   9.84613225E-03   0.00000000    
   0.00000000       9.38870292E-03   1.76421739E-02   2.37634219E-02   2.70146560E-02   2.70060264E-02   2.37415694E-02   1.76173225E-02   9.37248301E-03   0.00000000    
   0.00000000       8.93461052E-03   1.67892855E-02   2.26154160E-02   2.57107113E-02   2.57036947E-02   2.25976538E-02   1.67690851E-02   8.92142579E-03   0.00000000    
   0.00000000       8.50263610E-03   1.59778669E-02   2.15230826E-02   2.44697873E-02   2.44640857E-02   2.15086434E-02   1.59614496E-02   8.49191938E-03   0.00000000    
   0.00000000       8.09167419E-03   1.52058611E-02   2.04836782E-02   2.32888255E-02   2.32841894E-02   2.04719435E-02   1.51925152E-02   8.08296353E-03   0.00000000    
   0.00000000       7.70067936E-03   1.44713139E-02   1.94946099E-02   2.21649129E-02   2.21611448E-02   1.94850713E-02   1.44604659E-02   7.69359898E-03   0.00000000    
   0.00000000       7.32866162E-03   1.37723787E-02   1.85534135E-02   2.10952852E-02   2.10922230E-02   1.85456593E-02   1.37635609E-02   7.32290605E-03   0.00000000    
   0.00000000       6.97468361E-03   1.31073054E-02   1.76577494E-02   2.00773124E-02   2.00748220E-02   1.76514462E-02   1.31001379E-02   6.97000558E-03   0.00000000    
   0.00000000       6.63785869E-03   1.24744345E-02   1.68053973E-02   1.91084910E-02   1.91064682E-02   1.68002732E-02   1.24686081E-02   6.63405610E-03   0.00000000    
   0.00000000       6.31734543E-03   1.18721891E-02   1.59942489E-02   1.81864444E-02   1.81847997E-02   1.59900859E-02   1.18674533E-02   6.31425437E-03   0.00000000    
   0.00000000       6.01234473E-03   1.12990756E-02   1.52223036E-02   1.73089076E-02   1.73075721E-02   1.52189182E-02   1.12952264E-02   6.00983202E-03   0.00000000    
   0.00000000       5.72209898E-03   1.07536744E-02   1.44876540E-02   1.64737310E-02   1.64726451E-02   1.44849028E-02   1.07505452E-02   5.72005706E-03   0.00000000    
   0.00000000       5.44588966E-03   1.02346353E-02   1.37884934E-02   1.56788658E-02   1.56779829E-02   1.37862563E-02   1.02320928E-02   5.44422958E-03   0.00000000    
   0.00000000       5.18303225E-03   9.74068046E-03   1.31230988E-02   1.49223637E-02   1.49216456E-02   1.31212818E-02   9.73861292E-03   5.18168323E-03   0.00000000    
   0.00000000       4.93287854E-03   9.27058794E-03   1.24898376E-02   1.42023703E-02   1.42017873E-02   1.24883596E-02   9.26890876E-03   4.93178191E-03   0.00000000    
   0.00000000       4.69481107E-03   8.82320385E-03   1.18871508E-02   1.35171246E-02   1.35166496E-02   1.18859503E-02   8.82183854E-03   4.69391979E-03   0.00000000    
   0.00000000       4.46824357E-03   8.39742552E-03   1.13135614E-02   1.28649455E-02   1.28645599E-02   1.13125853E-02   8.39631539E-03   4.46751947E-03   0.00000000    
   0.00000000       4.25261911E-03   7.99220707E-03   1.07676610E-02   1.22442376E-02   1.22439247E-02   1.07668675E-02   7.99130462E-03   4.25203005E-03   0.00000000    
   0.00000000       4.04740684E-03   7.60655338E-03   1.02481097E-02   1.16534820E-02   1.16532268E-02   1.02474652E-02   7.60581996E-03   4.04692767E-03   0.00000000    
   0.00000000       3.85210267E-03   7.23951729E-03   9.75363608E-03   1.10912314E-02   1.10910246E-02   9.75311175E-03   7.23892124E-03   3.85171361E-03   0.00000000    
   0.00000000       3.66622745E-03   6.89019915E-03   9.28302668E-03   1.05561102E-02   1.05559425E-02   9.28260107E-03   6.88971439E-03   3.66591127E-03   0.00000000    
   0.00000000       3.48932506E-03   6.55774167E-03   8.83512944E-03   1.00468099E-02   1.00466730E-02   8.83478299E-03   6.55734772E-03   3.48906801E-03   0.00000000    
   0.00000000       3.32096172E-03   6.24132995E-03   8.40884633E-03   9.56208259E-03   9.56197176E-03   8.40856507E-03   6.24101004E-03   3.32075264E-03   0.00000000    
   0.00000000       3.16072442E-03   5.94018959E-03   8.00313428E-03   9.10074357E-03   9.10065323E-03   8.00290611E-03   5.93992928E-03   3.16055445E-03   0.00000000    
   0.00000000       3.00822081E-03   5.65358158E-03   7.61700002E-03   8.66166409E-03   8.66159052E-03   7.61681423E-03   5.65337017E-03   3.00808251E-03   0.00000000    
   0.00000000       2.86307675E-03   5.38080465E-03   7.24949827E-03   8.24376941E-03   8.24370980E-03   7.24934693E-03   5.38063282E-03   2.86296452E-03   0.00000000    
   0.00000000       2.72493716E-03   5.12119103E-03   6.89972937E-03   7.84603693E-03   7.84598850E-03   6.89960644E-03   5.12105133E-03   2.72484613E-03   0.00000000    
   0.00000000       2.59346375E-03   4.87410463E-03   6.56683696E-03   7.46749435E-03   7.46745523E-03   6.56673731E-03   4.87399148E-03   2.59338971E-03   0.00000000    
   0.00000000       2.46833451E-03   4.63894103E-03   6.25000708E-03   7.10721593E-03   7.10718380E-03   6.24992605E-03   4.63884929E-03   2.46827444E-03   0.00000000    
   0.00000000       2.34924327E-03   4.41512465E-03   5.94846439E-03   6.76431973E-03   6.76429365E-03   5.94839826E-03   4.41505015E-03   2.34919460E-03   0.00000000    
   0.00000000       2.23589852E-03   4.20210790E-03   5.66147082E-03   6.43796707E-03   6.43794611E-03   5.66141726E-03   4.20204736E-03   2.23585893E-03   0.00000000    
   0.00000000       2.12802296E-03   3.99936922E-03   5.38832415E-03   6.12736028E-03   6.12734305E-03   5.38828084E-03   3.99931986E-03   2.12799083E-03   0.00000000    
   0.00000000       2.02535233E-03   3.80641269E-03   5.12835663E-03   5.83173893E-03   5.83172496E-03   5.12832124E-03   3.80637264E-03   2.02532602E-03   0.00000000    
   0.00000000       1.92763552E-03   3.62276612E-03   4.88093216E-03   5.55038033E-03   5.55036915E-03   4.88090329E-03   3.62273352E-03   1.92761421E-03   0.00000000    
   0.00000000       1.83463353E-03   3.44798039E-03   4.64544492E-03   5.28259668E-03   5.28258737E-03   4.64542164E-03   3.44795361E-03   1.83461630E-03   0.00000000    
   0.00000000       1.74611888E-03   3.28162732E-03   4.42131981E-03   5.02773235E-03   5.02772490E-03   4.42130072E-03   3.28160590E-03   1.74610468E-03   0.00000000    
   0.00000000       1.66187470E-03   3.12330108E-03   4.20800783E-03   4.78516426E-03   4.78515821E-03   4.20799246E-03   3.12328339E-03   1.66186329E-03   0.00000000    
   0.00000000       1.58169540E-03   2.97261332E-03   4.00498789E-03   4.55429917E-03   4.55429452E-03   4.00497532E-03   2.97259889E-03   1.58168597E-03   0.00000000    
   0.00000000       1.50538445E-03   2.82919593E-03   3.81176244E-03   4.33457270E-03   4.33456851E-03   3.81175242E-03   2.82918429E-03   1.50537677E-03   0.00000000    
   0.00000000       1.43275526E-03   2.69269780E-03   3.62785999E-03   4.12544701E-03   4.12544375E-03   3.62785161E-03   2.69268849E-03   1.43274909E-03   0.00000000    
   0.00000000       1.36363017E-03   2.56278575E-03   3.45282978E-03   3.92641081E-03   3.92640801E-03   3.45282326E-03   2.56277807E-03   1.36362517E-03   0.00000000    
   0.00000000       1.29784038E-03   2.43914104E-03   3.28624458E-03   3.73697747E-03   3.73697514E-03   3.28623899E-03   2.43913499E-03   1.29783631E-03   0.00000000    
   0.00000000       1.23522454E-03   2.32146215E-03   3.12769623E-03   3.55668319E-03   3.55668156E-03   3.12769180E-03   2.32145702E-03   1.23522128E-03   0.00000000    
   0.00000000       1.17562979E-03   2.20946083E-03   2.97679729E-03   3.38508771E-03   3.38508631E-03   2.97679380E-03   2.20945664E-03   1.17562711E-03   0.00000000    
   0.00000000       1.11891027E-03   2.10286304E-03   2.83317897E-03   3.22177098E-03   3.22176982E-03   2.83317594E-03   2.10285978E-03   1.11890805E-03   0.00000000    
   0.00000000       1.06492732E-03   2.00140825E-03   2.69648945E-03   3.06633371E-03   3.06633278E-03   2.69648712E-03   2.00140546E-03   1.06492557E-03   0.00000000    
   0.00000000       1.01354881E-03   1.90484838E-03   2.56639463E-03   2.91839568E-03   2.91839498E-03   2.56639277E-03   1.90484617E-03   1.01354730E-03   0.00000000    
   0.00000000       9.64649138E-04   1.81294710E-03   2.44257669E-03   2.77759507E-03   2.77759437E-03   2.44257506E-03   1.81294524E-03   9.64647916E-04   0.00000000    
   0.00000000       9.18108679E-04   1.72547984E-03   2.32473225E-03   2.64358753E-03   2.64358683E-03   2.32473086E-03   1.72547821E-03   9.18107689E-04   0.00000000    
   0.00000000       8.73813697E-04   1.64223241E-03   2.21257354E-03   2.51604524E-03   2.51604477E-03   2.21257214E-03   1.64223101E-03   8.73812824E-04   0.00000000    
   0.00000000       8.31655692E-04   1.56300131E-03   2.10582581E-03   2.39465642E-03   2.39465595E-03   2.10582465E-03   1.56300014E-03   8.31654994E-04   0.00000000    
   0.00000000       7.91531638E-04   1.48759282E-03   2.00422830E-03   2.27912399E-03   2.27912352E-03   2.00422737E-03   1.48759189E-03   7.91531056E-04   0.00000000    
   0.00000000       7.53343455E-04   1.41582254E-03   1.90753234E-03   2.16916553E-03   2.16916529E-03   1.90753164E-03   1.41582172E-03   7.53342989E-04   0.00000000    
   0.00000000       7.16997718E-04   1.34751480E-03   1.81550172E-03   2.06451211E-03   2.06451188E-03   1.81550113E-03   1.34751422E-03   7.16997311E-04   0.00000000    
   0.00000000       6.82405487E-04   1.28250278E-03   1.72791106E-03   1.96490786E-03   1.96490763E-03   1.72791071E-03   1.28250220E-03   6.82405138E-04   0.00000000    
   0.00000000       6.49482186E-04   1.22062711E-03   1.64454640E-03   1.87010912E-03   1.87010900E-03   1.64454605E-03   1.22062676E-03   6.49481895E-04   0.00000000    
   0.00000000       6.18147256E-04   1.16173690E-03   1.56520377E-03   1.77988398E-03   1.77988387E-03   1.56520354E-03   1.16173655E-03   6.18147082E-04   0.00000000    
   0.00000000       5.88324212E-04   1.10568781E-03   1.48968911E-03   1.69401185E-03   1.69401173E-03   1.48968888E-03   1.10568758E-03   5.88324037E-04   0.00000000    
   0.00000000       5.59939945E-04   1.05234282E-03   1.41781766E-03   1.61228271E-03   1.61228259E-03   1.41781755E-03   1.05234270E-03   5.59939828E-04   0.00000000    
   0.00000000       5.32925129E-04   1.00157165E-03   1.34941377E-03   1.53449667E-03   1.53449667E-03   1.34941365E-03   1.00157154E-03   5.32925071E-04   0.00000000    
   0.00000000       5.07213699E-04   9.53249866E-04   1.28431013E-03   1.46046351E-03   1.46046351E-03   1.28431001E-03   9.53249808E-04   5.07213641E-04   0.00000000    
   0.00000000       4.82742675E-04   9.07259469E-04   1.22234738E-03   1.39000220E-03   1.39000209E-03   1.22234738E-03   9.07259411E-04   4.82742646E-04   0.00000000    
   0.00000000       4.59452334E-04   8.63487890E-04   1.16337417E-03   1.32294022E-03   1.32294022E-03   1.16337405E-03   8.63487890E-04   4.59452305E-04   0.00000000    
   0.00000000       4.37285635E-04   8.21828144E-04   1.10724603E-03   1.25911378E-03   1.25911378E-03   1.10724603E-03   8.21828144E-04   4.37285606E-04   0.00000000    
   0.00000000       4.16188384E-04   7.82178307E-04   1.05382595E-03   1.19836663E-03   1.19836663E-03   1.05382595E-03   7.82178307E-04   4.16188384E-04   0.00000000    
   0.00000000       3.96109011E-04   7.44441408E-04   1.00298319E-03   1.14055036E-03   1.14055036E-03   1.00298319E-03   7.44441408E-04   3.96109011E-04   0.00000000    
   0.00000000       3.76998360E-04   7.08525127E-04   9.54593357E-04   1.08552352E-03   1.08552352E-03   9.54593357E-04   7.08525185E-04   3.76998360E-04   0.00000000    
   0.00000000       3.58809717E-04   6.74341689E-04   9.08538175E-04   1.03315141E-03   1.03315141E-03   9.08538175E-04   6.74341747E-04   3.58809746E-04   0.00000000    
   0.00000000       3.41498613E-04   6.41807506E-04   8.64704896E-04   9.83306090E-04   9.83306090E-04   8.64704896E-04   6.41807506E-04   3.41498642E-04   0.00000000    
   0.00000000       3.25022731E-04   6.10842893E-04   8.22986418E-04   9.35865566E-04   9.35865624E-04   8.22986418E-04   6.10842893E-04   3.25022731E-04   0.00000000    
   0.00000000       3.09341704E-04   5.81372238E-04   7.83280702E-04   8.90713942E-04   8.90713942E-04   7.83280702E-04   5.81372238E-04   3.09341704E-04   0.00000000    
   0.00000000       2.94417230E-04   5.53323422E-04   7.45490659E-04   8.47740623E-04   8.47740623E-04   7.45490601E-04   5.53323422E-04   2.94417230E-04   0.00000000    
   0.00000000       2.80212815E-04   5.26627875E-04   7.09523738E-04   8.06840661E-04   8.06840602E-04   7.09523738E-04   5.26627817E-04   2.80212815E-04   0.00000000    
   0.00000000       2.66693707E-04   5.01220231E-04   6.75292162E-04   7.67913880E-04   7.67913880E-04   6.75292104E-04   5.01220173E-04   2.66693678E-04   0.00000000    
   0.00000000       2.53826845E-04   4.77038382E-04   6.42712053E-04   7.30865169E-04   7.30865169E-04   6.42712053E-04   4.77038353E-04   2.53826816E-04   0.00000000    
   0.00000000       2.41580725E-04   4.54023248E-04   6.11703843E-04   6.95603900E-04   6.95603900E-04   6.11703843E-04   4.54023218E-04   2.41580710E-04   0.00000000    
   0.00000000       2.29925441E-04   4.32118482E-04   5.82191627E-04   6.62043865E-04   6.62043865E-04   5.82191627E-04   4.32118453E-04   2.29925427E-04   0.00000000    
   0.00000000       2.18832487E-04   4.11270536E-04   5.54103288E-04   6.30102993E-04   6.30102993E-04   5.54103230E-04   4.11270506E-04   2.18832472E-04   0.00000000    
   0.00000000       2.08274709E-04   3.91428417E-04   5.27370081E-04   5.99703111E-04   5.99703111E-04   5.27370023E-04   3.91428388E-04   2.08274694E-04   0.00000000    
   0.00000000       1.98226306E-04   3.72543582E-04   5.01926639E-04   5.70769887E-04   5.70769887E-04   5.01926581E-04   3.72543553E-04   1.98226291E-04   0.00000000    
   0.00000000       1.88662700E-04   3.54569900E-04   4.77710710E-04   5.43232600E-04   5.43232542E-04   4.77710681E-04   3.54569871E-04   1.88662685E-04   0.00000000    
   0.00000000       1.79560506E-04   3.37463367E-04   4.54663154E-04   5.17023844E-04   5.17023844E-04   4.54663095E-04   3.37463309E-04   1.79560491E-04   0.00000000    
   0.00000000       1.70897445E-04   3.21182131E-04   4.32727538E-04   4.92079591E-04   4.92079533E-04   4.32727480E-04   3.21182102E-04   1.70897416E-04   0.00000000    
   0.00000000       1.62652344E-04   3.05686437E-04   4.11850197E-04   4.68338723E-04   4.68338723E-04   4.11850138E-04   3.05686379E-04   1.62652330E-04   0.00000000    
   0.00000000       1.54805050E-04   2.90938304E-04   3.91980109E-04   4.45743295E-04   4.45743295E-04   3.91980080E-04   2.90938275E-04   1.54805020E-04   0.00000000    
   0.00000000       1.47336337E-04   2.76901730E-04   3.73068673E-04   4.24238009E-04   4.24238009E-04   3.73068644E-04   2.76901701E-04   1.47336308E-04   0.00000000    
   0.00000000       1.40227959E-04   2.63542344E-04   3.55069642E-04   4.03770275E-04   4.03770275E-04   3.55069613E-04   2.63542315E-04   1.40227945E-04   0.00000000    
   0.00000000       1.33462527E-04   2.50827521E-04   3.37938982E-04   3.84290033E-04   3.84290004E-04   3.37938953E-04   2.50827492E-04   1.33462512E-04   0.00000000    
   0.00000000       1.27023508E-04   2.38726119E-04   3.21634812E-04   3.65749613E-04   3.65749584E-04   3.21634783E-04   2.38726090E-04   1.27023493E-04   0.00000000    
   0.00000000       1.20895151E-04   2.27208540E-04   3.06117261E-04   3.48103669E-04   3.48103669E-04   3.06117232E-04   2.27208526E-04   1.20895136E-04   0.00000000    
   0.00000000       1.15062445E-04   2.16246670E-04   2.91348348E-04   3.31309100E-04   3.31309100E-04   2.91348319E-04   2.16246655E-04   1.15062438E-04   0.00000000    
   0.00000000       1.09511158E-04   2.05813660E-04   2.77291983E-04   3.15324811E-04   3.15324782E-04   2.77291954E-04   2.05813631E-04   1.09511151E-04   0.00000000    
   0.00000000       1.04227693E-04   1.95883986E-04   2.63913797E-04   3.00111657E-04   3.00111657E-04   2.63913767E-04   1.95883971E-04   1.04227685E-04   0.00000000    
   0.00000000       9.91991328E-05   1.86433390E-04   2.51181016E-04   2.85632501E-04   2.85632501E-04   2.51181016E-04   1.86433375E-04   9.91991255E-05   0.00000000    
   0.00000000       9.44131825E-05   1.77438735E-04   2.39062560E-04   2.71851895E-04   2.71851895E-04   2.39062560E-04   1.77438735E-04   9.44131752E-05   0.00000000    
   0.00000000       8.98581275E-05   1.68878047E-04   2.27528755E-04   2.58736167E-04   2.58736167E-04   2.27528770E-04   1.68878047E-04   8.98581275E-05   0.00000000    
   0.00000000       8.55228427E-05   1.60730371E-04   2.16551431E-04   2.46253185E-04   2.46253214E-04   2.16551445E-04   1.60730371E-04   8.55228427E-05   0.00000000    
   0.00000000       8.13967199E-05   1.52975786E-04   2.06103708E-04   2.34372492E-04   2.34372492E-04   2.06103723E-04   1.52975786E-04   8.13967199E-05   0.00000000    
   0.00000000       7.74696600E-05   1.45595332E-04   1.96160050E-04   2.23064970E-04   2.23064984E-04   1.96160050E-04   1.45595332E-04   7.74696600E-05   0.00000000    
   0.00000000       7.37320661E-05   1.38570947E-04   1.86696139E-04   2.12303014E-04   2.12302999E-04   1.86696139E-04   1.38570947E-04   7.37320661E-05   0.00000000    
   0.00000000       7.01747922E-05   1.31885477E-04   1.77688809E-04   2.02060255E-04   2.02060255E-04   1.77688809E-04   1.31885477E-04   7.01747922E-05   0.00000000    
   0.00000000       6.67891509E-05   1.25522536E-04   1.69116058E-04   1.92311680E-04   1.92311680E-04   1.69116058E-04   1.25522536E-04   6.67891509E-05   0.00000000    
   0.00000000       6.35668475E-05   1.19466597E-04   1.60956901E-04   1.83033437E-04   1.83033437E-04   1.60956901E-04   1.19466589E-04   6.35668475E-05   0.00000000    
   0.00000000       6.05000096E-05   1.13702816E-04   1.53191388E-04   1.74202825E-04   1.74202825E-04   1.53191388E-04   1.13702816E-04   6.05000059E-05   0.00000000    
   0.00000000       5.75811282E-05   1.08217122E-04   1.45800528E-04   1.65798250E-04   1.65798250E-04   1.45800528E-04   1.08217122E-04   5.75811282E-05   0.00000000    
   0.00000000       5.48030730E-05   1.02996084E-04   1.38766249E-04   1.57799164E-04   1.57799164E-04   1.38766249E-04   1.02996084E-04   5.48030730E-05   0.00000000    
   0.00000000       5.21590482E-05   9.80269397E-05   1.32071349E-04   1.50185995E-04   1.50185995E-04   1.32071349E-04   9.80269469E-05   5.21590482E-05   0.00000000    
   0.00000000       4.96425855E-05   9.32975454E-05   1.25699444E-04   1.42940131E-04   1.42940131E-04   1.25699444E-04   9.32975454E-05   4.96425891E-05   0.00000000    
   0.00000000       4.72475367E-05   8.87963251E-05   1.19634955E-04   1.36043862E-04   1.36043862E-04   1.19634962E-04   8.87963251E-05   4.72475367E-05   0.00000000    
   0.00000000       4.49680374E-05   8.45122631E-05   1.13863069E-04   1.29480308E-04   1.29480308E-04   1.13863069E-04   8.45122631E-05   4.49680374E-05   0.00000000    
   0.00000000       4.27985142E-05   8.04348965E-05   1.08369648E-04   1.23233403E-04   1.23233418E-04   1.08369641E-04   8.04348965E-05   4.27985142E-05   0.00000000    
   0.00000000       4.07336629E-05   7.65542427E-05   1.03141247E-04   1.17287913E-04   1.17287898E-04   1.03141254E-04   7.65542427E-05   4.07336629E-05   0.00000000    
   0.00000000       3.87684304E-05   7.28608138E-05   9.81651101E-05   1.11629241E-04   1.11629248E-04   9.81651101E-05   7.28608138E-05   3.87684304E-05   0.00000000    
   0.00000000       3.68980109E-05   6.93455804E-05   9.34290438E-05   1.06243591E-04   1.06243591E-04   9.34290438E-05   6.93455804E-05   3.68980109E-05   0.00000000    
   0.00000000       3.51178351E-05   6.59999350E-05   8.89214789E-05   1.01117774E-04   1.01117774E-04   8.89214789E-05   6.59999350E-05   3.51178351E-05   0.00000000    
   0.00000000       3.34235410E-05   6.28157140E-05   8.46313778E-05   9.62392587E-05   9.62392587E-05   8.46313778E-05   6.28157140E-05   3.34235410E-05   0.00000000    
